  0,   1,   1,   1,   1,   1,   1,   1,   1,   1,   1,   1,   1,   1,   1,   1,   1,   1,   1,   1,   1,   1,   1,   1,   1,   1,   1,   1,   1,   1,   1,   1,   2,   2,   2,   2,   2,   2,   2,   2,   2,   2,   2,   2,   2,   2,   2,   3,   3,   3,   3,   3,   3,   3,   3,   3,   3,   3,   3,   3,   3,   3,   3,   3,   3,   4,   4,   4,   4,   4,   4,   4,   4,   4,   4,   4,   5,   5,   5,   5,   5,   5,   5,   5,   5,   5,   5,   5,   5
  1,   0,   1,   2,   3,   4,   5,   6,   7,   8,   9,  10,  11,  12,  13,  14,  15,  16,  18,  19,  20,  21,  22,  23,  24,  25,  26,  27,  28,  29,  30,  31,  17,  19,  21,  23,  25,  27,  29,  31,  33,  35,  37,  39,  41,  43,  45,  34,  35,  37,  38,  40,  41,  43,  44,  46,  47,  49,  50,  52,  53,  55,  56,  58,  59,  53,  55,  57,  59,  61,  63,  65,  67,  69,  71,  73,  71,  72,  73,  74,  76,  77,  78,  79,  81,  82,  83,  84,  85

  0,   1,   1,   1,   1,   1,   1,   1,   1,   1,   1,   1,   1,   1,   1,   1,   1,   1,   1,   1,   1,   1,   1,   1,   1,   1,   1,   1,   1,   1,   1,   1,   2,   2,   2,   2,   2,   2,   2,   2,   2,   2,   2,   2,   2,   2,   2,   3,   3,   3,   3,   3,   3,   3,   3,   3,   3,   3,   3,   3,   3,   3,   3,   3,   3,   4,   4,   4,   4,   4,   4,   4,   4,   4,   4,   4,   5,   5,   5,   5,   5,   5,   5,   5,   5,   5,   5,   5,   5
  1,   0,   1,   2,   3,   4,   5,   6,   7,   8,   9,  10,  11,  12,  13,  14,  15,  16,  18,  19,  20,  21,  22,  23,  24,  25,  26,  27,  28,  29,  30,  31,  17,  19,  21,  23,  25,  27,  29,  31,  33,  35,  37,  39,  41,  43,  45,  34,  35,  37,  38,  40,  41,  43,  44,  46,  47,  49,  50,  52,  53,  55,  56,  58,  59,  51,  53,  55,  57,  59,  61,  63,  65,  67,  69,  71,  71,  72,  73,  74,  76,  77,  78,  79,  81,  82,  83,  84,  85

  0,   1,   1,   1,   1,   1,   1,   1,   1,   1,   1,   2,   2,   2,   2,   2,   2,   3,   3,   3,   3,   3,   3,   3,   3,   4,   4,   4,   4,   4,   4,   5,   5,   5,   5,   5,   5,   5,   5,   6,   6,   6,   7,   7,   7,   7,   7,   7,   7,   7,   7,   8,   8,   8,   8,   8,   9,   9,   9,   9,   9,   9,  10,  10,  10,  10,  11,  11,  11,  11,  11,  11,  11,  12,  12,  13,  13,  13,  13,  13,  13,  14,  14,  14,  15,  15,  15,  16,  17
  1,   0,   1,   2,   3,   4,   6,   7,   8,   9,  10,   5,   7,   9,  11,  13,  15,  10,  11,  13,  14,  16,  17,  19,  20,  15,  17,  19,  21,  23,  25,  21,  22,  23,  24,  26,  27,  28,  29,  29,  31,  35,  31,  32,  33,  34,  36,  37,  38,  39,  40,  37,  39,  41,  43,  45,  43,  44,  46,  47,  49,  50,  47,  49,  51,  53,  52,  53,  54,  56,  57,  58,  59,  59,  61,  63,  64,  66,  67,  68,  69,  69,  71,  73,  74,  76,  77,  81,  85

  0,   1,   1,   1,   1,   1,   1,   1,   1,   1,   1,   2,   2,   2,   2,   2,   2,   3,   3,   3,   3,   3,   3,   3,   3,   4,   4,   4,   4,   4,   4,   5,   5,   5,   5,   5,   5,   5,   5,   6,   6,   6,   7,   7,   7,   7,   7,   7,   7,   7,   7,   8,   8,   8,   8,   8,   9,   9,   9,   9,   9,   9,   9,  10,  10,  10,  10,  11,  11,  11,  11,  11,  11,  11,  12,  12,  13,  13,  13,  13,  13,  14,  14,  14,  15,  15,  15,  16,  17
  1,   0,   1,   2,   3,   4,   6,   7,   8,   9,  10,   5,   7,   9,  11,  13,  15,  10,  11,  13,  14,  16,  17,  19,  20,  15,  17,  19,  21,  23,  25,  21,  22,  23,  24,  26,  27,  28,  29,  29,  31,  35,  31,  32,  33,  34,  36,  37,  38,  39,  40,  37,  39,  41,  43,  45,  41,  43,  44,  46,  47,  49,  50,  47,  49,  51,  53,  52,  53,  54,  56,  57,  58,  59,  59,  61,  63,  64,  66,  67,  68,  69,  71,  73,  74,  76,  77,  81,  85

  0,   1,   1,   1,   1,   1,   1,   1,   1,   1,   1,   2,   2,   2,   2,   2,   2,   3,   3,   3,   3,   3,   3,   3,   3,   4,   4,   4,   4,   4,   4,   5,   5,   5,   5,   5,   5,   5,   5,   6,   6,   6,   7,   7,   7,   7,   7,   7,   7,   7,   7,   8,   8,   8,   8,   8,   9,   9,   9,   9,   9,   9,   9,  10,  10,  10,  10,  11,  11,  11,  11,  11,  11,  11,  12,  12,  13,  13,  13,  13,  13,  14,  14,  14,  15,  15,  15,  16,  17
  1,   0,   1,   2,   3,   4,   6,   7,   8,   9,  10,   5,   7,   9,  11,  13,  15,  10,  11,  13,  14,  16,  17,  19,  20,  15,  17,  19,  21,  23,  25,  21,  22,  23,  24,  26,  27,  28,  29,  25,  29,  31,  30,  31,  32,  33,  34,  36,  37,  38,  39,  35,  37,  39,  41,  43,  40,  41,  43,  44,  46,  47,  49,  47,  49,  51,  53,  51,  52,  53,  54,  56,  57,  58,  59,  61,  62,  63,  64,  66,  67,  67,  69,  71,  73,  74,  76,  79,  85

  0,   1,   1,   1,   1,   1,   1,   1,   1,   1,   1,   2,   2,   2,   2,   2,   2,   3,   3,   3,   3,   3,   3,   3,   3,   4,   4,   4,   4,   4,   4,   5,   5,   5,   5,   5,   5,   5,   5,   6,   6,   6,   7,   7,   7,   7,   7,   7,   7,   7,   7,   8,   8,   8,   8,   8,   9,   9,   9,   9,   9,   9,  10,  10,  10,  10,  11,  11,  11,  11,  11,  11,  11,  12,  12,  13,  13,  13,  13,  13,  13,  14,  14,  14,  15,  15,  15,  16,  17
  1,   0,   1,   2,   3,   4,   6,   7,   8,   9,  10,   5,   7,   9,  11,  13,  15,  10,  11,  13,  14,  16,  17,  19,  20,  15,  17,  19,  21,  23,  25,  21,  22,  23,  24,  26,  27,  28,  29,  25,  29,  31,  30,  31,  32,  33,  34,  36,  37,  38,  39,  35,  37,  39,  41,  43,  40,  41,  43,  44,  46,  47,  47,  49,  51,  53,  51,  52,  53,  54,  56,  57,  58,  59,  61,  61,  62,  63,  64,  66,  67,  67,  69,  71,  73,  74,  76,  79,  85

  0,   1,   1,   1,   1,   1,   1,   1,   1,   1,   2,   2,   2,   2,   2,   3,   3,   3,   3,   3,   3,   3,   4,   4,   4,   4,   4,   5,   5,   5,   5,   5,   5,   5,   5,   6,   6,   6,   7,   7,   7,   7,   7,   7,   7,   7,   8,   8,   8,   8,   8,   9,   9,   9,   9,   9,   9,  10,  10,  10,  11,  11,  11,  11,  11,  11,  11,  12,  12,  12,  13,  13,  13,  13,  13,  13,  14,  14,  14,  14,  15,  15,  15,  16,  16,  17,  17,  17,  17
  1,   0,   1,   2,   3,   4,   6,   7,   8,   9,   5,   7,   9,  11,  13,  10,  11,  13,  14,  16,  17,  19,  15,  17,  19,  21,  23,  21,  22,  23,  24,  26,  27,  28,  29,  25,  29,  31,  30,  31,  32,  33,  34,  36,  37,  38,  35,  37,  39,  41,  43,  40,  41,  43,  44,  46,  47,  47,  49,  51,  50,  51,  52,  53,  54,  56,  57,  55,  59,  61,  60,  61,  62,  63,  64,  66,  65,  67,  69,  71,  71,  73,  74,  77,  79,  82,  83,  84,  85

  0,   1,   1,   1,   1,   1,   1,   1,   1,   1,   2,   2,   2,   2,   2,   3,   3,   3,   3,   3,   3,   3,   4,   4,   4,   4,   4,   5,   5,   5,   5,   5,   5,   5,   6,   6,   6,   7,   7,   7,   7,   7,   7,   7,   7,   8,   8,   8,   8,   8,   9,   9,   9,   9,   9,   9,  10,  10,  10,  11,  11,  11,  11,  11,  11,  11,  12,  12,  12,  13,  13,  13,  13,  13,  13,  14,  14,  14,  14,  15,  15,  15,  16,  16,  17,  17,  17,  17,  17
  1,   0,   1,   2,   3,   4,   6,   7,   8,   9,   5,   7,   9,  11,  13,  10,  11,  13,  14,  16,  17,  19,  15,  17,  19,  21,  23,  21,  22,  23,  24,  26,  27,  28,  25,  29,  31,  30,  31,  32,  33,  34,  36,  37,  38,  35,  37,  39,  41,  43,  40,  41,  43,  44,  46,  47,  47,  49,  51,  50,  51,  52,  53,  54,  56,  57,  55,  59,  61,  60,  61,  62,  63,  64,  66,  65,  67,  69,  71,  71,  73,  74,  77,  79,  81,  82,  83,  84,  85

  0,   1,   1,   1,   1,   1,   1,   1,   1,   1,   2,   2,   2,   2,   3,   3,   3,   3,   3,   4,   4,   4,   5,   5,   5,   5,   5,   5,   5,   6,   6,   6,   7,   7,   7,   7,   7,   7,   7,   8,   8,   8,   8,   9,   9,   9,   9,   9,   9,  10,  10,  10,  11,  11,  11,  11,  11,  11,  12,  12,  12,  13,  13,  13,  13,  13,  13,  14,  14,  14,  15,  15,  15,  16,  16,  16,  17,  17,  17,  17,  17,  18,  18,  19,  19,  19,  19,  20,  20
  1,   0,   1,   2,   3,   4,   5,   6,   7,   8,   5,   7,   9,  11,  10,  11,  13,  14,  16,  13,  15,  19,  17,  18,  19,  21,  22,  23,  24,  23,  25,  29,  26,  27,  29,  30,  31,  32,  33,  31,  33,  35,  37,  34,  35,  37,  38,  40,  41,  39,  41,  43,  43,  45,  46,  47,  48,  49,  47,  49,  53,  51,  53,  54,  55,  56,  57,  57,  59,  61,  61,  62,  64,  65,  67,  69,  69,  70,  71,  72,  73,  73,  77,  78,  79,  80,  81,  83,  85

  0,   1,   1,   1,   1,   1,   1,   2,   2,   2,   3,   3,   3,   3,   4,   4,   4,   5,   5,   5,   5,   5,   6,   7,   7,   7,   7,   8,   8,   8,   9,   9,   9,   9,  10,  10,  10,  11,  11,  11,  11,  11,  12,  13,  13,  13,  13,  14,  14,  15,  15,  15,  16,  16,  16,  17,  17,  17,  17,  17,  18,  18,  19,  19,  19,  19,  19,  20,  20,  21,  21,  21,  22,  22,  23,  23,  23,  23,  24,  25,  25,  26,  26,  27,  27,  28,  29,  29,  30
  1,   0,   1,   2,   3,   4,   5,   3,   5,   7,   7,   8,  10,  11,   9,  11,  13,  12,  13,  14,  16,  17,  19,  18,  19,  20,  22,  21,  23,  25,  23,  25,  26,  28,  27,  29,  31,  29,  30,  31,  32,  34,  35,  35,  36,  37,  38,  39,  41,  41,  43,  44,  43,  45,  47,  46,  47,  48,  49,  50,  49,  53,  52,  53,  54,  55,  56,  57,  59,  58,  59,  61,  61,  63,  64,  65,  66,  67,  67,  71,  72,  73,  75,  76,  77,  79,  82,  83,  85

  0,   1,   1,   1,   1,   1,   1,   2,   2,   2,   3,   3,   3,   3,   4,   4,   4,   5,   5,   5,   5,   5,   6,   7,   7,   7,   7,   7,   8,   8,   8,   9,   9,   9,   9,  10,  10,  10,  11,  11,  11,  11,  11,  12,  13,  13,  13,  13,  14,  14,  15,  15,  15,  16,  16,  16,  17,  17,  17,  17,  17,  18,  18,  19,  19,  19,  19,  19,  20,  20,  21,  21,  21,  22,  22,  23,  23,  23,  23,  24,  25,  25,  26,  26,  27,  27,  28,  29,  30
  1,   0,   1,   2,   3,   4,   5,   3,   5,   7,   7,   8,  10,  11,   9,  11,  13,  12,  13,  14,  16,  17,  19,  17,  18,  19,  20,  22,  21,  23,  25,  23,  25,  26,  28,  27,  29,  31,  29,  30,  31,  32,  34,  35,  35,  36,  37,  38,  39,  41,  41,  43,  44,  43,  45,  47,  46,  47,  48,  49,  50,  49,  53,  52,  53,  54,  55,  56,  57,  59,  58,  59,  61,  61,  63,  64,  65,  66,  67,  67,  71,  72,  73,  75,  76,  77,  79,  82,  85

  0,   1,   1,   1,   1,   1,   1,   2,   2,   3,   3,   3,   3,   4,   4,   5,   5,   5,   5,   6,   6,   7,   7,   7,   7,   7,   8,   8,   9,   9,   9,  10,  10,  11,  11,  11,  11,  11,  12,  12,  13,  13,  13,  13,  13,  14,  15,  15,  16,  16,  17,  17,  17,  17,  17,  18,  19,  19,  19,  19,  19,  20,  20,  21,  21,  21,  22,  23,  23,  23,  23,  24,  24,  25,  25,  25,  26,  27,  27,  28,  29,  29,  29,  30,  31,  31,  32,  33,  34
  1,   0,   1,   2,   3,   4,   5,   3,   7,   5,   7,   8,  10,   9,  11,  11,  12,  13,  14,  13,  17,  16,  17,  18,  19,  20,  19,  21,  22,  23,  25,  23,  27,  26,  27,  28,  29,  30,  29,  31,  31,  32,  33,  34,  35,  37,  37,  38,  39,  41,  41,  42,  43,  44,  45,  47,  46,  47,  48,  49,  50,  49,  51,  52,  53,  55,  57,  57,  58,  59,  60,  59,  61,  62,  63,  64,  67,  67,  68,  71,  72,  73,  74,  77,  78,  79,  81,  83,  85

  0,   1,   1,   1,   1,   1,   1,   2,   2,   3,   3,   3,   3,   4,   4,   5,   5,   5,   5,   6,   6,   7,   7,   7,   7,   7,   8,   8,   9,   9,   9,  10,  10,  11,  11,  11,  11,  11,  12,  12,  13,  13,  13,  13,  13,  14,  14,  15,  15,  16,  16,  17,  17,  17,  17,  17,  18,  19,  19,  19,  19,  19,  20,  20,  21,  21,  21,  22,  23,  23,  23,  23,  24,  24,  25,  25,  25,  26,  27,  27,  28,  29,  29,  29,  31,  31,  32,  33,  34
  1,   0,   1,   2,   3,   4,   5,   3,   7,   5,   7,   8,  10,   9,  11,  11,  12,  13,  14,  13,  17,  16,  17,  18,  19,  20,  19,  21,  22,  23,  25,  23,  27,  26,  27,  28,  29,  30,  29,  31,  31,  32,  33,  34,  35,  33,  37,  37,  38,  39,  41,  41,  42,  43,  44,  45,  47,  46,  47,  48,  49,  50,  49,  51,  52,  53,  55,  57,  57,  58,  59,  60,  59,  61,  62,  63,  64,  67,  67,  68,  71,  72,  73,  74,  78,  79,  81,  83,  85

  0,   1,   1,   1,   1,   1,   1,   2,   2,   3,   3,   3,   3,   4,   4,   5,   5,   5,   5,   6,   6,   7,   7,   7,   7,   7,   7,   8,   8,   9,   9,   9,   9,  10,  10,  11,  11,  11,  11,  11,  11,  12,  12,  13,  13,  13,  13,  13,  13,  14,  14,  15,  15,  16,  16,  17,  17,  17,  17,  18,  18,  19,  19,  19,  19,  20,  20,  21,  21,  22,  23,  23,  23,  23,  24,  24,  25,  25,  25,  25,  27,  27,  28,  28,  29,  29,  31,  31,  34
  1,   0,   1,   2,   3,   4,   5,   3,   7,   5,   7,   8,  10,   9,  11,  11,  12,  13,  14,  13,  17,  15,  16,  17,  18,  19,  20,  19,  21,  20,  22,  23,  25,  23,  27,  25,  26,  27,  28,  29,  30,  29,  31,  30,  31,  32,  33,  34,  35,  33,  37,  37,  38,  39,  41,  41,  42,  43,  44,  43,  47,  46,  47,  48,  49,  49,  51,  52,  53,  57,  56,  57,  58,  59,  59,  61,  61,  62,  63,  64,  67,  68,  69,  71,  72,  73,  77,  78,  85

  0,   1,   1,   1,   1,   1,   1,   2,   2,   3,   3,   3,   3,   4,   4,   5,   5,   5,   5,   6,   6,   7,   7,   7,   7,   7,   7,   8,   8,   9,   9,   9,   9,  10,  10,  11,  11,  11,  11,  11,  11,  12,  12,  13,  13,  13,  13,  13,  13,  14,  14,  15,  15,  16,  16,  17,  17,  17,  17,  18,  18,  19,  19,  19,  19,  20,  20,  21,  21,  22,  23,  23,  23,  23,  24,  24,  25,  25,  25,  25,  27,  27,  28,  28,  29,  29,  31,  31,  34
  1,   0,   1,   2,   3,   4,   5,   3,   7,   5,   7,   8,  10,   9,  11,  11,  12,  13,  14,  13,  17,  15,  16,  17,  18,  19,  20,  19,  21,  20,  22,  23,  25,  23,  27,  25,  26,  27,  28,  29,  30,  29,  31,  30,  31,  32,  33,  34,  35,  33,  37,  37,  38,  39,  41,  41,  42,  43,  44,  43,  47,  46,  47,  48,  49,  49,  51,  52,  53,  53,  56,  57,  58,  59,  59,  61,  61,  62,  63,  64,  67,  68,  69,  71,  72,  73,  77,  78,  85

  0,   1,   1,   1,   1,   1,   1,   2,   2,   3,   3,   3,   3,   4,   4,   5,   5,   5,   5,   6,   6,   7,   7,   7,   7,   7,   8,   8,   9,   9,   9,  10,  10,  11,  11,  11,  11,  11,  12,  12,  13,  13,  13,  13,  13,  14,  14,  15,  15,  16,  16,  17,  17,  17,  17,  17,  18,  19,  19,  19,  19,  19,  20,  20,  21,  21,  21,  22,  23,  23,  23,  23,  24,  24,  25,  25,  25,  26,  27,  27,  28,  29,  29,  29,  31,  31,  32,  33,  34
  1,   0,   1,   2,   3,   4,   5,   3,   7,   5,   7,   8,  10,   9,  11,  11,  12,  13,  14,  13,  17,  15,  16,  17,  18,  19,  19,  21,  20,  22,  23,  23,  27,  25,  26,  27,  28,  29,  29,  31,  30,  31,  32,  33,  34,  33,  37,  37,  38,  39,  41,  40,  41,  42,  43,  44,  43,  45,  46,  47,  48,  49,  49,  51,  50,  52,  53,  53,  55,  56,  57,  58,  59,  61,  61,  62,  63,  63,  67,  68,  69,  71,  72,  73,  76,  77,  79,  82,  85

  0,   1,   1,   1,   1,   1,   1,   2,   2,   3,   3,   3,   3,   4,   4,   5,   5,   5,   5,   6,   6,   7,   7,   7,   7,   7,   8,   8,   9,   9,   9,  10,  10,  11,  11,  11,  11,  11,  12,  12,  13,  13,  13,  13,  13,  14,  15,  15,  16,  16,  17,  17,  17,  17,  17,  18,  19,  19,  19,  19,  19,  20,  20,  21,  21,  21,  22,  23,  23,  23,  23,  24,  24,  25,  25,  25,  26,  27,  27,  28,  29,  29,  29,  30,  31,  31,  32,  33,  34
  1,   0,   1,   2,   3,   4,   5,   3,   7,   5,   7,   8,  10,   9,  11,  11,  12,  13,  14,  13,  17,  15,  16,  17,  18,  19,  19,  21,  20,  22,  23,  23,  27,  25,  26,  27,  28,  29,  29,  31,  30,  31,  32,  33,  34,  33,  37,  38,  39,  41,  40,  41,  42,  43,  44,  43,  45,  46,  47,  48,  49,  49,  51,  50,  52,  53,  53,  55,  56,  57,  58,  59,  61,  61,  62,  63,  63,  67,  68,  69,  71,  72,  73,  73,  76,  77,  79,  82,  85

  0,   1,   1,   1,   1,   1,   2,   2,   3,   3,   3,   4,   4,   5,   5,   5,   6,   6,   7,   7,   7,   7,   8,   8,   9,   9,   9,  10,  10,  11,  11,  11,  12,  13,  13,  13,  14,  14,  15,  15,  15,  16,  16,  17,  17,  17,  17,  18,  19,  19,  19,  19,  20,  20,  21,  21,  21,  22,  22,  23,  23,  23,  25,  25,  25,  26,  26,  27,  27,  27,  28,  28,  29,  29,  29,  31,  31,  31,  32,  32,  33,  33,  34,  35,  36,  37,  38,  39,  40
  1,   0,   1,   2,   3,   4,   3,   5,   5,   7,   8,   7,   9,   9,  11,  12,  11,  13,  13,  15,  16,  17,  15,  19,  17,  19,  20,  21,  23,  23,  24,  25,  25,  27,  28,  29,  29,  31,  31,  32,  34,  33,  35,  35,  36,  37,  38,  37,  39,  40,  41,  42,  41,  43,  43,  44,  46,  45,  47,  48,  49,  50,  52,  53,  54,  55,  57,  56,  58,  59,  59,  61,  61,  62,  63,  65,  66,  67,  67,  69,  70,  71,  73,  74,  77,  79,  81,  83,  85

  0,   1,   1,   1,   1,   1,   2,   2,   3,   3,   3,   4,   4,   5,   5,   5,   6,   6,   7,   7,   7,   7,   8,   8,   9,   9,   9,  10,  10,  11,  11,  11,  12,  13,  13,  13,  14,  14,  15,  15,  16,  16,  17,  17,  17,  17,  18,  19,  19,  19,  19,  20,  20,  21,  21,  21,  22,  22,  23,  23,  23,  25,  25,  25,  26,  26,  27,  27,  27,  28,  28,  29,  29,  29,  31,  31,  31,  32,  32,  33,  33,  34,  35,  36,  37,  37,  38,  39,  40
  1,   0,   1,   2,   3,   4,   3,   5,   5,   7,   8,   7,   9,   9,  11,  12,  11,  13,  13,  15,  16,  17,  15,  19,  17,  19,  20,  21,  23,  23,  24,  25,  25,  27,  28,  29,  29,  31,  31,  32,  33,  35,  35,  36,  37,  38,  37,  39,  40,  41,  42,  41,  43,  43,  44,  46,  45,  47,  48,  49,  50,  52,  53,  54,  55,  57,  56,  58,  59,  59,  61,  61,  62,  63,  65,  66,  67,  67,  69,  70,  71,  73,  74,  77,  78,  79,  81,  83,  85

  0,   1,   1,   1,   1,   1,   1,   1,   1,   1,   1,   1,   1,   1,   1,   1,   1,   1,   1,   1,   1,   1,   1,   1,   1,   1,   1,   1,   1,   1,   1,   1,   2,   2,   2,   2,   2,   2,   2,   2,   2,   2,   2,   2,   2,   2,   2,   3,   3,   3,   3,   3,   3,   3,   3,   3,   3,   3,   3,   3,   3,   3,   3,   3,   3,   4,   4,   4,   4,   4,   4,   4,   4,   4,   4,   4,   5,   5,   5,   5,   5,   5,   5,   5,   5,   5,   5,   5,   5
 17, -14, -13, -12, -11, -10,  -9,  -8,  -7,  -6,  -5,  -4,  -3,  -2,  -1,   1,   2,   3,   4,   5,   6,   7,   8,   9,  10,  11,  12,  13,  14,  15,  16,  17, -11,  -9,  -7,  -5,  -3,  -1,   1,   3,   5,   7,   9,  11,  13,  15,  17,  -8,  -7,  -5,  -4,  -2,  -1,   1,   2,   4,   5,   7,   8,  10,  11,  13,  14,  16,  17,  -3,  -1,   1,   3,   5,   7,   9,  11,  13,  15,  17,   0,   1,   2,   3,   4,   6,   7,   8,   9,  11,  12,  13,  14

  0,   1,   1,   1,   1,   1,   1,   1,   1,   1,   1,   1,   1,   1,   1,   1,   1,   1,   1,   1,   1,   1,   1,   1,   1,   1,   1,   1,   1,   1,   1,   1,   2,   2,   2,   2,   2,   2,   2,   2,   2,   2,   2,   2,   2,   2,   2,   3,   3,   3,   3,   3,   3,   3,   3,   3,   3,   3,   3,   3,   3,   3,   3,   3,   3,   4,   4,   4,   4,   4,   4,   4,   4,   4,   4,   4,   5,   5,   5,   5,   5,   5,   5,   5,   5,   5,   5,   5,   5
 17, -14, -13, -12, -11, -10,  -9,  -8,  -7,  -6,  -5,  -4,  -3,  -2,  -1,   1,   2,   3,   4,   5,   6,   7,   8,   9,  10,  11,  12,  13,  14,  15,  16,  17, -11,  -9,  -7,  -5,  -3,  -1,   1,   3,   5,   7,   9,  11,  13,  15,  17,  -8,  -7,  -5,  -4,  -2,  -1,   1,   2,   4,   5,   7,   8,  10,  11,  13,  14,  16,  17,  -5,  -3,  -1,   1,   3,   5,   7,   9,  11,  13,  15,   0,   1,   2,   3,   4,   6,   7,   8,   9,  11,  12,  13,  14

  0,   1,   1,   1,   1,   1,   1,   1,   1,   1,   1,   1,   1,   1,   1,   1,   1,   1,   1,   1,   1,   1,   1,   1,   1,   1,   1,   1,   1,   1,   1,   1,   2,   2,   2,   2,   2,   2,   2,   2,   2,   2,   2,   2,   2,   2,   2,   3,   3,   3,   3,   3,   3,   3,   3,   3,   3,   3,   3,   3,   3,   3,   3,   3,   3,   4,   4,   4,   4,   4,   4,   4,   4,   4,   4,   4,   5,   5,   5,   5,   5,   5,   5,   5,   5,   5,   5,   5,   5
 17, -15, -14, -13, -12, -11, -10,  -9,  -8,  -7,  -6,  -5,  -4,  -3,  -2,  -1,   1,   2,   3,   4,   5,   6,   7,   8,   9,  10,  11,  12,  13,  14,  15,  16, -13, -11,  -9,  -7,  -5,  -3,  -1,   1,   3,   5,   7,   9,  11,  13,  15, -11, -10,  -8,  -7,  -5,  -4,  -2,  -1,   1,   2,   4,   5,   7,   8,  10,  11,  13,  14,  -9,  -7,  -5,  -3,  -1,   1,   3,   5,   7,   9,  11,  -4,  -3,  -2,  -1,   0,   1,   2,   3,   4,   6,   7,   8,   9

  0,   1,   1,   1,   1,   1,   1,   1,   1,   1,   1,   1,   1,   1,   1,   1,   1,   1,   1,   1,   1,   1,   1,   1,   1,   1,   1,   1,   1,   1,   1,   1,   2,   2,   2,   2,   2,   2,   2,   2,   2,   2,   2,   2,   2,   2,   2,   3,   3,   3,   3,   3,   3,   3,   3,   3,   3,   3,   3,   3,   3,   3,   3,   3,   3,   4,   4,   4,   4,   4,   4,   4,   4,   4,   4,   4,   5,   5,   5,   5,   5,   5,   5,   5,   5,   5,   5,   5,   5
 17, -15, -14, -13, -12, -11, -10,  -9,  -8,  -7,  -6,  -5,  -4,  -3,  -2,  -1,   1,   2,   3,   4,   5,   6,   7,   8,   9,  10,  11,  12,  13,  14,  15,  16, -13, -11,  -9,  -7,  -5,  -3,  -1,   1,   3,   5,   7,   9,  11,  13,  15, -11, -10,  -8,  -7,  -5,  -4,  -2,  -1,   1,   2,   4,   5,   7,   8,  10,  11,  13,  14,  -7,  -5,  -3,  -1,   1,   3,   5,   7,   9,  11,  13,  -4,  -3,  -2,  -1,   0,   1,   2,   3,   4,   6,   7,   8,   9

  0,   1,   1,   1,   1,   1,   1,   1,   1,   1,   1,   1,   1,   1,   1,   1,   1,   1,   1,   1,   1,   1,   1,   1,   1,   1,   1,   1,   1,   1,   1,   1,   2,   2,   2,   2,   2,   2,   2,   2,   2,   2,   2,   2,   2,   2,   2,   3,   3,   3,   3,   3,   3,   3,   3,   3,   3,   3,   3,   3,   3,   3,   3,   3,   3,   4,   4,   4,   4,   4,   4,   4,   4,   4,   4,   4,   5,   5,   5,   5,   5,   5,   5,   5,   5,   5,   5,   5,   5
 17, -16, -15, -14, -13, -12, -11, -10,  -9,  -8,  -7,  -6,  -5,  -4,  -3,  -2,  -1,   1,   2,   3,   4,   5,   6,   7,   8,   9,  10,  11,  12,  13,  14,  15, -15, -13, -11,  -9,  -7,  -5,  -3,  -1,   1,   3,   5,   7,   9,  11,  13, -14, -13, -11, -10,  -8,  -7,  -5,  -4,  -2,  -1,   1,   2,   4,   5,   7,   8,  10,  11, -13, -11,  -9,  -7,  -5,  -3,  -1,   1,   3,   5,   7,  -9,  -8,  -7,  -6,  -4,  -3,  -2,  -1,   0,   1,   2,   3,   4

  0,   1,   1,   1,   1,   1,   1,   1,   1,   1,   1,   1,   1,   1,   1,   1,   1,   1,   1,   1,   1,   1,   1,   1,   1,   1,   1,   1,   1,   1,   1,   1,   2,   2,   2,   2,   2,   2,   2,   2,   2,   2,   2,   2,   2,   2,   2,   3,   3,   3,   3,   3,   3,   3,   3,   3,   3,   3,   3,   3,   3,   3,   3,   3,   3,   4,   4,   4,   4,   4,   4,   4,   4,   4,   4,   4,   5,   5,   5,   5,   5,   5,   5,   5,   5,   5,   5,   5,   5
 17, -16, -15, -14, -13, -12, -11, -10,  -9,  -8,  -7,  -6,  -5,  -4,  -3,  -2,  -1,   1,   2,   3,   4,   5,   6,   7,   8,   9,  10,  11,  12,  13,  14,  15, -15, -13, -11,  -9,  -7,  -5,  -3,  -1,   1,   3,   5,   7,   9,  11,  13, -14, -13, -11, -10,  -8,  -7,  -5,  -4,  -2,  -1,   1,   2,   4,   5,   7,   8,  10,  11, -11,  -9,  -7,  -5,  -3,  -1,   1,   3,   5,   7,   9,  -9,  -8,  -7,  -6,  -4,  -3,  -2,  -1,   0,   1,   2,   3,   4

  0,   1,   1,   1,   1,   1,   1,   1,   1,   1,   1,   1,   1,   1,   1,   1,   1,   1,   1,   1,   1,   1,   1,   1,   1,   1,   1,   1,   1,   1,   1,   1,   2,   2,   2,   2,   2,   2,   2,   2,   2,   2,   2,   2,   2,   2,   2,   3,   3,   3,   3,   3,   3,   3,   3,   3,   3,   3,   3,   3,   3,   3,   3,   3,   3,   4,   4,   4,   4,   4,   4,   4,   4,   4,   4,   4,   5,   5,   5,   5,   5,   5,   5,   5,   5,   5,   5,   5,   5
 17, -17, -16, -15, -14, -13, -12, -11, -10,  -9,  -8,  -7,  -6,  -5,  -4,  -3,  -2,  -1,   1,   2,   3,   4,   5,   6,   7,   8,   9,  10,  11,  12,  13,  14, -17, -15, -13, -11,  -9,  -7,  -5,  -3,  -1,   1,   3,   5,   7,   9,  11, -17, -16, -14, -13, -11, -10,  -8,  -7,  -5,  -4,  -2,  -1,   1,   2,   4,   5,   7,   8, -17, -15, -13, -11,  -9,  -7,  -5,  -3,  -1,   1,   3, -14, -13, -12, -11,  -9,  -8,  -7,  -6,  -4,  -3,  -2,  -1,   0

  0,   1,   1,   1,   1,   1,   1,   1,   1,   1,   1,   1,   1,   1,   1,   1,   1,   1,   1,   1,   1,   1,   1,   1,   1,   1,   1,   1,   1,   1,   1,   1,   2,   2,   2,   2,   2,   2,   2,   2,   2,   2,   2,   2,   2,   2,   2,   3,   3,   3,   3,   3,   3,   3,   3,   3,   3,   3,   3,   3,   3,   3,   3,   3,   3,   4,   4,   4,   4,   4,   4,   4,   4,   4,   4,   4,   5,   5,   5,   5,   5,   5,   5,   5,   5,   5,   5,   5,   5
 17, -17, -16, -15, -14, -13, -12, -11, -10,  -9,  -8,  -7,  -6,  -5,  -4,  -3,  -2,  -1,   1,   2,   3,   4,   5,   6,   7,   8,   9,  10,  11,  12,  13,  14, -17, -15, -13, -11,  -9,  -7,  -5,  -3,  -1,   1,   3,   5,   7,   9,  11, -17, -16, -14, -13, -11, -10,  -8,  -7,  -5,  -4,  -2,  -1,   1,   2,   4,   5,   7,   8, -15, -13, -11,  -9,  -7,  -5,  -3,  -1,   1,   3,   5, -14, -13, -12, -11,  -9,  -8,  -7,  -6,  -4,  -3,  -2,  -1,   0

