  0,   1,   1,   1,   1,   1,   1,   1,   1,   1,   1,   1,   1,   1,   1,   1,   1,   1,   1,   1,   1,   1,   1,   1,   1,   1,   1,   1,   1,   1,   1,   1,   1,   2
  1,   0,   1,   2,   3,   4,   5,   6,   7,   8,   9,  10,  11,  12,  13,  14,  15,  16,  17,  18,  19,  20,  21,  22,  23,  24,  25,  26,  27,  28,  29,  30,  31,  31

  0,   1,   1,   1,   1,   1,   1,   1,   1,   1,   1,   1,   1,   1,   1,   1,   1,   1,   1,   1,   1,   1,   1,   1,   1,   1,   1,   1,   1,   1,   1,   1,   1,   2
  1,   0,   1,   2,   3,   4,   5,   6,   7,   8,   9,  10,  11,  12,  13,  14,  15,  16,  17,  18,  19,  20,  21,  22,  23,  24,  25,  26,  27,  28,  29,  30,  31,  31

  0,   1,   1,   1,   1,   1,   1,   1,   1,   1,   1,   1,   1,   1,   1,   1,   1,   1,   1,   1,   1,   1,   1,   1,   1,   1,   1,   1,   1,   1,   1,   1,   2,   2
  1,   0,   1,   2,   3,   4,   5,   6,   7,   8,   9,  10,  11,  12,  13,  14,  15,  16,  17,  18,  19,  20,  21,  22,  23,  24,  25,  26,  27,  28,  29,  30,  29,  31

  0,   1,   1,   1,   1,   1,   1,   1,   1,   1,   1,   1,   1,   1,   1,   1,   1,   1,   1,   1,   1,   1,   1,   1,   1,   1,   1,   1,   1,   1,   1,   2,   2,   2
  1,   0,   1,   2,   3,   4,   5,   6,   7,   8,   9,  10,  11,  12,  13,  14,  15,  16,  17,  18,  19,  20,  21,  22,  23,  24,  25,  26,  27,  28,  29,  27,  29,  31

  0,   1,   1,   1,   1,   1,   1,   1,   1,   1,   1,   1,   1,   1,   1,   1,   1,   1,   1,   1,   1,   1,   1,   1,   1,   1,   1,   1,   1,   1,   2,   2,   2,   2
  1,   0,   1,   2,   3,   4,   5,   6,   7,   8,   9,  10,  11,  12,  13,  14,  15,  16,  17,  18,  19,  20,  21,  22,  23,  24,  25,  26,  27,  28,  25,  27,  29,  31

  0,   1,   1,   1,   1,   1,   1,   1,   1,   1,   1,   1,   1,   1,   1,   1,   1,   1,   1,   1,   1,   1,   1,   1,   1,   1,   1,   1,   1,   2,   2,   2,   2,   2
  1,   0,   1,   2,   3,   4,   5,   6,   7,   8,   9,  10,  11,  12,  13,  14,  15,  16,  17,  18,  19,  20,  21,  22,  23,  24,  25,  26,  27,  23,  25,  27,  29,  31

  0,   1,   1,   1,   1,   1,   1,   1,   1,   1,   1,   1,   1,   1,   1,   1,   1,   1,   1,   1,   1,   1,   1,   1,   1,   1,   1,   1,   2,   2,   2,   2,   2,   2
  1,   0,   1,   2,   3,   4,   5,   6,   7,   8,   9,  10,  11,  12,  13,  14,  15,  16,  17,  18,  19,  20,  21,  22,  23,  24,  25,  26,  21,  23,  25,  27,  29,  31

  0,   1,   1,   1,   1,   1,   1,   1,   1,   1,   1,   1,   1,   1,   1,   1,   1,   1,   1,   1,   1,   1,   1,   1,   1,   1,   1,   2,   2,   2,   2,   2,   2,   2
  1,   0,   1,   2,   3,   4,   5,   6,   7,   8,   9,  10,  11,  12,  13,  14,  15,  16,  17,  18,  19,  20,  21,  22,  23,  24,  25,  19,  21,  23,  25,  27,  29,  31

  0,   1,   1,   1,   1,   1,   1,   1,   1,   1,   1,   1,   1,   1,   1,   1,   1,   1,   1,   1,   1,   1,   1,   1,   1,   1,   2,   2,   2,   2,   2,   2,   2,   2
  1,   0,   1,   2,   3,   4,   5,   6,   7,   8,   9,  10,  11,  12,  13,  14,  15,  16,  17,  18,  19,  20,  21,  22,  23,  24,  17,  19,  21,  23,  25,  27,  29,  31

  0,   1,   1,   1,   1,   1,   1,   1,   1,   1,   1,   1,   1,   1,   1,   1,   1,   1,   1,   1,   2,   2,   2,   2,   2,   2,   2,   2,   3,   3,   3,   3,   3,   3
  1,   0,   1,   2,   3,   4,   5,   6,   7,   8,   9,  10,  11,  12,  13,  14,  15,  16,  17,  18,  11,  13,  15,  17,  19,  21,  23,  25,  23,  25,  26,  28,  29,  31

  0,   1,   1,   1,   1,   1,   1,   1,   1,   1,   1,   1,   1,   1,   1,   1,   1,   1,   1,   2,   2,   2,   2,   2,   2,   2,   2,   3,   3,   3,   3,   3,   3,   3
  1,   0,   1,   2,   3,   4,   5,   6,   7,   8,   9,  10,  11,  12,  13,  14,  15,  16,  17,  11,  13,  15,  17,  19,  21,  23,  25,  22,  23,  25,  26,  28,  29,  31

  0,   1,   1,   1,   1,   1,   1,   1,   1,   1,   1,   1,   1,   1,   1,   1,   1,   2,   2,   2,   2,   2,   2,   2,   2,   3,   3,   3,   3,   3,   3,   3,   3,   4
  1,   0,   1,   2,   3,   4,   5,   6,   7,   8,   9,  10,  11,  12,  13,  14,  15,   9,  11,  13,  15,  17,  19,  21,  23,  19,  20,  22,  23,  25,  26,  28,  29,  31

  0,   1,   1,   1,   1,   1,   1,   1,   1,   1,   1,   1,   1,   1,   1,   1,   1,   2,   2,   2,   2,   2,   2,   2,   3,   3,   3,   3,   3,   3,   3,   3,   4,   4
  1,   0,   1,   2,   3,   4,   5,   6,   7,   8,   9,  10,  11,  12,  13,  14,  15,   9,  11,  13,  15,  17,  19,  21,  19,  20,  22,  23,  25,  26,  28,  29,  29,  31

  0,   1,   1,   1,   1,   1,   1,   1,   1,   1,   1,   1,   1,   1,   1,   1,   1,   2,   2,   2,   2,   2,   2,   2,   3,   3,   3,   3,   3,   3,   3,   3,   4,   4
  1,   0,   1,   2,   3,   4,   5,   6,   7,   8,   9,  10,  11,  12,  13,  14,  15,   9,  11,  13,  15,  17,  19,  21,  16,  17,  19,  20,  22,  23,  25,  26,  29,  31

  0,   1,   1,   1,   1,   1,   1,   1,   1,   1,   1,   1,   1,   1,   1,   1,   2,   2,   2,   2,   2,   2,   2,   3,   3,   3,   3,   3,   3,   3,   3,   4,   4,   4
  1,   0,   1,   2,   3,   4,   5,   6,   7,   8,   9,  10,  11,  12,  13,  14,   9,  11,  13,  15,  17,  19,  21,  16,  17,  19,  20,  22,  23,  25,  26,  27,  29,  31

  0,   1,   1,   1,   1,   1,   1,   1,   1,   1,   1,   1,   1,   1,   1,   1,   2,   2,   2,   2,   2,   2,   3,   3,   3,   3,   3,   3,   3,   3,   4,   4,   4,   4
  1,   0,   1,   2,   3,   4,   5,   6,   7,   8,   9,  10,  11,  12,  13,  14,   9,  11,  13,  15,  17,  19,  16,  17,  19,  20,  22,  23,  25,  26,  25,  27,  29,  31

  0,   1,   1,   1,   1,   1,   1,   1,   1,   1,   1,   1,   1,   1,   2,   2,   2,   2,   2,   2,   3,   3,   3,   3,   3,   3,   3,   3,   4,   4,   4,   4,   5,   5
  1,   0,   1,   2,   3,   4,   5,   6,   7,   8,   9,  10,  11,  12,   7,   9,  11,  13,  15,  17,  13,  14,  16,  17,  19,  20,  22,  23,  21,  23,  25,  27,  29,  31

  0,   1,   1,   1,   1,   1,   1,   1,   1,   1,   1,   1,   1,   2,   2,   2,   2,   2,   2,   3,   3,   3,   3,   3,   3,   3,   3,   4,   4,   4,   4,   5,   5,   5
  1,   0,   1,   2,   3,   4,   5,   6,   7,   8,   9,  10,  11,   7,   9,  11,  13,  15,  17,  13,  14,  16,  17,  19,  20,  22,  23,  21,  23,  25,  27,  28,  29,  31

  0,   1,   1,   1,   1,   1,   1,   1,   1,   1,   1,   1,   1,   2,   2,   2,   2,   2,   2,   3,   3,   3,   3,   3,   3,   3,   4,   4,   4,   4,   5,   5,   5,   5
  1,   0,   1,   2,   3,   4,   5,   6,   7,   8,   9,  10,  11,   7,   9,  11,  13,  15,  17,  13,  14,  16,  17,  19,  20,  22,  21,  23,  25,  27,  27,  28,  29,  31

  0,   1,   1,   1,   1,   1,   1,   1,   1,   1,   1,   1,   1,   2,   2,   2,   2,   2,   2,   3,   3,   3,   3,   3,   3,   3,   4,   4,   4,   4,   5,   5,   5,   5
  1,   0,   1,   2,   3,   4,   5,   6,   7,   8,   9,  10,  11,   7,   9,  11,  13,  15,  17,  13,  14,  16,  17,  19,  20,  22,  19,  21,  23,  25,  27,  28,  29,  31

  0,   1,   1,   1,   1,   1,   1,   1,   1,   1,   2,   2,   2,   2,   2,   3,   3,   3,   3,   3,   3,   4,   4,   4,   4,   5,   5,   5,   5,   5,   6,   6,   7,   7
  1,   0,   1,   2,   3,   4,   5,   6,   7,   8,   5,   7,   9,  11,  13,  10,  11,  13,  14,  16,  17,  15,  17,  19,  21,  19,  21,  22,  23,  24,  25,  29,  30,  31

  0,   1,   1,   1,   1,   1,   1,   2,   2,   2,   3,   3,   3,   3,   4,   4,   4,   5,   5,   5,   5,   6,   6,   7,   7,   7,   7,   8,   8,   9,   9,  10,  10,  11
  1,   0,   1,   2,   3,   4,   5,   3,   5,   7,   7,   8,  10,  11,   9,  11,  13,  12,  13,  14,  16,  17,  19,  18,  19,  20,  22,  21,  23,  25,  26,  27,  29,  31

  0,   1,   1,   1,   1,   1,   1,   2,   2,   2,   3,   3,   3,   3,   4,   4,   4,   5,   5,   5,   5,   6,   6,   7,   7,   7,   8,   8,   9,   9,  10,  10,  11,  11
  1,   0,   1,   2,   3,   4,   5,   3,   5,   7,   7,   8,  10,  11,   9,  11,  13,  12,  13,  14,  16,  17,  19,  18,  19,  20,  21,  23,  25,  26,  27,  29,  30,  31

  0,   1,   1,   1,   1,   1,   1,   2,   2,   2,   3,   3,   3,   3,   4,   4,   4,   5,   5,   5,   5,   6,   7,   7,   7,   8,   8,   9,   9,   9,  10,  10,  11,  11
  1,   0,   1,   2,   3,   4,   5,   3,   5,   7,   7,   8,  10,  11,   9,  11,  13,  12,  13,  14,  16,  17,  18,  19,  20,  21,  23,  23,  25,  26,  27,  29,  30,  31

  0,   1,   1,   1,   1,   1,   1,   2,   2,   2,   3,   3,   3,   4,   4,   4,   5,   5,   5,   5,   6,   7,   7,   7,   8,   8,   9,   9,   9,  10,  10,  11,  11,  11
  1,   0,   1,   2,   3,   4,   5,   3,   5,   7,   7,   8,  10,   9,  11,  13,  12,  13,  14,  16,  17,  18,  19,  20,  21,  23,  23,  25,  26,  27,  29,  29,  30,  31

  0,   1,   1,   1,   1,   1,   1,   2,   2,   2,   3,   3,   3,   3,   4,   4,   4,   5,   5,   5,   5,   6,   6,   7,   7,   7,   7,   8,   8,   9,   9,  10,  11,  11
  1,   0,   1,   2,   3,   4,   5,   3,   5,   7,   7,   8,  10,  11,   9,  11,  13,  12,  13,  14,  16,  17,  19,  17,  18,  19,  20,  21,  23,  25,  26,  27,  30,  31

  0,   1,   1,   1,   1,   1,   1,   2,   2,   2,   3,   3,   3,   3,   4,   4,   4,   5,   5,   5,   5,   6,   7,   7,   7,   7,   8,   8,   9,   9,   9,  10,  11,  11
  1,   0,   1,   2,   3,   4,   5,   3,   5,   7,   7,   8,  10,  11,   9,  11,  13,  12,  13,  14,  16,  17,  17,  18,  19,  20,  21,  23,  23,  25,  26,  27,  30,  31

  0,   1,   1,   1,   1,   1,   1,   2,   2,   2,   3,   3,   3,   4,   4,   4,   5,   5,   5,   5,   6,   7,   7,   7,   7,   8,   8,   9,   9,   9,  10,  11,  11,  11
  1,   0,   1,   2,   3,   4,   5,   3,   5,   7,   7,   8,  10,   9,  11,  13,  12,  13,  14,  16,  17,  17,  18,  19,  20,  21,  23,  23,  25,  26,  27,  29,  30,  31

  0,   1,   1,   1,   1,   1,   1,   2,   2,   2,   3,   3,   3,   4,   4,   5,   5,   5,   5,   6,   7,   7,   7,   7,   8,   8,   9,   9,   9,  10,  11,  11,  11,  12
  1,   0,   1,   2,   3,   4,   5,   3,   5,   7,   7,   8,  10,   9,  11,  11,  12,  13,  14,  17,  17,  18,  19,  20,  21,  23,  22,  23,  25,  27,  28,  29,  30,  31

  0,   1,   1,   1,   1,   1,   1,   2,   2,   2,   3,   3,   3,   4,   4,   5,   5,   5,   5,   6,   7,   7,   7,   7,   8,   8,   9,   9,   9,  10,  11,  11,  11,  12
  1,   0,   1,   2,   3,   4,   5,   3,   5,   7,   7,   8,  10,   9,  11,  11,  12,  13,  14,  17,  17,  18,  19,  20,  19,  21,  22,  23,  25,  27,  28,  29,  30,  31

  0,   1,   1,   1,   1,   1,   1,   2,   2,   2,   3,   3,   3,   4,   4,   5,   5,   5,   5,   6,   7,   7,   7,   7,   7,   8,   8,   9,   9,   9,  10,  11,  11,  12
  1,   0,   1,   2,   3,   4,   5,   3,   5,   7,   7,   8,  10,   9,  11,  11,  12,  13,  14,  17,  16,  17,  18,  19,  20,  19,  21,  22,  23,  25,  27,  28,  29,  31

  0,   1,   1,   1,   1,   1,   1,   2,   2,   2,   3,   3,   3,   4,   4,   5,   5,   5,   5,   6,   7,   7,   7,   7,   7,   8,   8,   9,   9,  10,  11,  11,  11,  12
  1,   0,   1,   2,   3,   4,   5,   3,   5,   7,   7,   8,  10,   9,  11,  11,  12,  13,  14,  17,  16,  17,  18,  19,  20,  19,  21,  22,  23,  27,  27,  28,  29,  31

  0,   1,   1,   1,   1,   1,   1,   2,   2,   2,   3,   3,   3,   4,   4,   5,   5,   5,   5,   6,   6,   7,   7,   7,   7,   7,   8,   8,   9,   9,  11,  11,  11,  12
  1,   0,   1,   2,   3,   4,   5,   3,   5,   7,   7,   8,  10,   9,  11,  11,  12,  13,  14,  13,  17,  16,  17,  18,  19,  20,  19,  21,  22,  23,  27,  28,  29,  31

