  0,   1,   1,   1,   1,   1,   1,   1,   1,   1,   1,   1,   1,   1,   1,   1,   1,   1,   1,   1
 18, -18, -17, -16, -15, -14, -13, -12, -11, -10,  -9,  -8,  -7,  -6,  -5,  -4,  -3,  -2,  -1,   0

  0,   1,   1,   1,   1,   1,   1,   1,   1,   1,   1,   1,   1,   1,   1,   1,   1,   1,   1,   1
 18,   0,   1,   2,   3,   4,   5,   6,   7,   8,   9,  10,  11,  12,  13,  14,  15,  16,  17,  18

  0,   1,   1,   1,   1,   1,   1,   1,   1,   1,   1,   1,   1,   1,   1,   1,   1,   1,   1,   1
 18, -17, -16, -15, -14, -13, -12, -11, -10,  -9,  -8,  -7,  -6,  -5,  -4,  -3,  -2,  -1,   0,   1

  0,   1,   1,   1,   1,   1,   1,   1,   1,   1,   1,   1,   1,   1,   1,   1,   1,   1,   1,   1
 18, -16, -15, -14, -13, -12, -11, -10,  -9,  -8,  -7,  -6,  -5,  -4,  -3,  -2,  -1,   0,   1,   2

  0,   1,   1,   1,   1,   1,   1,   1,   1,   1,   1,   1,   1,   1,   1,   1,   1,   1,   1,   1
 18, -15, -14, -13, -12, -11, -10,  -9,  -8,  -7,  -6,  -5,  -4,  -3,  -2,  -1,   0,   1,   2,   3

  0,   1,   1,   1,   1,   1,   1,   1,   1,   1,   1,   1,   1,   1,   1,   1,   1,   1,   1,   1
 18, -14, -13, -12, -11, -10,  -9,  -8,  -7,  -6,  -5,  -4,  -3,  -2,  -1,   0,   1,   2,   3,   4

  0,   1,   1,   1,   1,   1,   1,   1,   1,   1,   1,   1,   1,   1,   1,   1,   1,   1,   1,   1
 18, -13, -12, -11, -10,  -9,  -8,  -7,  -6,  -5,  -4,  -3,  -2,  -1,   0,   1,   2,   3,   4,   5

  0,   1,   1,   1,   1,   1,   1,   1,   1,   1,   1,   1,   1,   1,   1,   1,   1,   1,   1,   1
 18, -12, -11, -10,  -9,  -8,  -7,  -6,  -5,  -4,  -3,  -2,  -1,   0,   1,   2,   3,   4,   5,   6

  0,   1,   1,   1,   1,   1,   1,   1,   1,   1,   1,   1,   1,   1,   1,   1,   1,   1,   1,   1
 18, -11, -10,  -9,  -8,  -7,  -6,  -5,  -4,  -3,  -2,  -1,   0,   1,   2,   3,   4,   5,   6,   7

  0,   1,   1,   1,   1,   1,   1,   1,   1,   1,   1,   1,   1,   1,   1,   1,   1,   1,   1,   1
 18, -10,  -9,  -8,  -7,  -6,  -5,  -4,  -3,  -2,  -1,   0,   1,   2,   3,   4,   5,   6,   7,   8

  0,   1,   1,   1,   1,   1,   1,   1,   1,   1,   1,   1,   1,   1,   1,   1,   1,   1,   1,   1
 18,  -9,  -8,  -7,  -6,  -5,  -4,  -3,  -2,  -1,   0,   1,   2,   3,   4,   5,   6,   7,   8,   9

  0,   1,   1,   1,   1,   1,   1,   1,   1,   1,   1,   1,   1,   1,   1,   1,   1,   1,   1,   1
 18,  -8,  -7,  -6,  -5,  -4,  -3,  -2,  -1,   0,   1,   2,   3,   4,   5,   6,   7,   8,   9,  10

  0,   1,   1,   1,   1,   1,   1,   1,   1,   1,   1,   1,   1,   1,   1,   1,   1,   1,   1,   1
 18,  -7,  -6,  -5,  -4,  -3,  -2,  -1,   0,   1,   2,   3,   4,   5,   6,   7,   8,   9,  10,  11

  0,   1,   1,   1,   1,   1,   1,   1,   1,   1,   1,   1,   1,   1,   1,   1,   1,   1,   1,   1
 18,  -6,  -5,  -4,  -3,  -2,  -1,   0,   1,   2,   3,   4,   5,   6,   7,   8,   9,  10,  11,  12

  0,   1,   1,   1,   1,   1,   1,   1,   1,   1,   1,   1,   1,   1,   1,   1,   1,   1,   1,   1
 18,  -5,  -4,  -3,  -2,  -1,   0,   1,   2,   3,   4,   5,   6,   7,   8,   9,  10,  11,  12,  13

  0,   1,   1,   1,   1,   1,   1,   1,   1,   1,   1,   1,   1,   1,   1,   1,   1,   1,   1,   1
 18,  -4,  -3,  -2,  -1,   0,   1,   2,   3,   4,   5,   6,   7,   8,   9,  10,  11,  12,  13,  14

  0,   1,   1,   1,   1,   1,   1,   1,   1,   1,   1,   1,   1,   1,   1,   1,   1,   1,   1,   1
 18,  -3,  -2,  -1,   0,   1,   2,   3,   4,   5,   6,   7,   8,   9,  10,  11,  12,  13,  14,  15

  0,   1,   1,   1,   1,   1,   1,   1,   1,   1,   1,   1,   1,   1,   1,   1,   1,   1,   1,   1
 18,  -2,  -1,   0,   1,   2,   3,   4,   5,   6,   7,   8,   9,  10,  11,  12,  13,  14,  15,  16

  0,   1,   1,   1,   1,   1,   1,   1,   1,   1,   1,   1,   1,   1,   1,   1,   1,   1,   1,   1
 18,  -1,   0,   1,   2,   3,   4,   5,   6,   7,   8,   9,  10,  11,  12,  13,  14,  15,  16,  17

  0,   1,   1,   1,   1,   1,   1,   1,   1,   1,   1,   1,   1,   1,   1,   1,   1,   1,   1,   1
  1,   0,   1,   2,   3,   4,   5,   6,   7,   8,   9,  10,  11,  12,  13,  14,  15,  16,  17,  18

  0,   1,   1,   1,   1,   1,   1,   1,   1,   1,   1,   1,   1,   1,   1,   1,   1,   1,   1,   2
  1,   0,   1,   2,   3,   4,   5,   6,   7,   8,  10,  11,  12,  13,  14,  15,  16,  17,  18,  18

  0,   1,   1,   1,   1,   1,   1,   1,   1,   1,   1,   1,   1,   1,   1,   1,   1,   1,   2,   2
  1,   0,   1,   2,   3,   4,   5,   6,   7,   8,  10,  11,  12,  13,  14,  15,  16,  17,  17,  18

  0,   1,   1,   1,   1,   1,   1,   1,   1,   1,   1,   1,   1,   1,   1,   1,   1,   2,   2,   2
  1,   0,   1,   2,   3,   4,   5,   6,   7,   8,  10,  11,  12,  13,  14,  15,  16,  15,  17,  18

  0,   1,   1,   1,   1,   1,   1,   1,   1,   1,   1,   1,   1,   1,   1,   1,   2,   2,   2,   2
  1,   0,   1,   2,   3,   4,   5,   6,   7,   8,  10,  11,  12,  13,  14,  15,  13,  15,  17,  18

  0,   1,   1,   1,   1,   1,   1,   1,   1,   1,   1,   1,   1,   1,   1,   2,   2,   2,   2,   2
  1,   0,   1,   2,   3,   4,   5,   6,   7,   8,  10,  11,  12,  13,  14,  11,  13,  15,  17,  18

  0,   1,   1,   1,   1,   1,   1,   1,   1,   1,   1,   1,   1,   1,   2,   2,   2,   2,   2,   2
  1,   0,   1,   2,   3,   4,   5,   6,   7,   8,  10,  11,  12,  13,   9,  11,  13,  15,  17,  18

  0,   1,   1,   1,   1,   1,   1,   1,   1,   1,   1,   1,   2,   2,   2,   2,   2,   3,   3,   3
  1,   0,   1,   2,   3,   4,   5,   7,   8,   9,  10,  11,   7,   9,  11,  13,  15,  16,  17,  18

  0,   1,   1,   1,   1,   1,   1,   1,   1,   1,   1,   2,   2,   2,   2,   2,   3,   3,   3,   3
  1,   0,   1,   2,   3,   4,   5,   7,   8,   9,  10,   7,   9,  11,  13,  15,  14,  16,  17,  18

  0,   1,   1,   1,   1,   1,   1,   1,   1,   1,   1,   2,   2,   2,   2,   3,   3,   3,   3,   3
  1,   0,   1,   2,   3,   4,   5,   7,   8,   9,  10,   7,   9,  11,  13,  13,  14,  16,  17,  18

  0,   1,   1,   1,   1,   1,   1,   1,   1,   1,   1,   2,   2,   2,   3,   3,   3,   3,   3,   4
  1,   0,   1,   2,   3,   4,   5,   6,   7,   8,   9,   7,  11,  13,  11,  13,  14,  16,  17,  18

  0,   1,   1,   1,   1,   1,   1,   1,   1,   1,   2,   2,   2,   3,   3,   3,   3,   3,   4,   4
  1,   0,   1,   2,   3,   4,   5,   6,   7,   8,   7,  11,  13,  11,  13,  14,  16,  17,  17,  18

  0,   1,   1,   1,   1,   1,   1,   1,   1,   1,   1,   2,   2,   2,   2,   3,   3,   3,   3,   4
  1,   0,   1,   2,   3,   4,   5,   6,   7,   8,   9,   5,   7,  11,  13,  11,  13,  14,  16,  18

  0,   1,   1,   1,   1,   1,   1,   1,   1,   1,   2,   2,   2,   2,   3,   3,   3,   3,   4,   4
  1,   0,   1,   2,   3,   4,   5,   6,   7,   8,   5,   7,  11,  13,  11,  13,  14,  16,  17,  18

  0,   1,   1,   1,   1,   1,   1,   1,   1,   1,   1,   2,   2,   2,   3,   3,   3,   3,   3,   4
  1,   0,   1,   2,   3,   4,   5,   6,   7,   8,   9,   5,   7,  11,  10,  11,  13,  14,  16,  18

  0,   1,   1,   1,   1,   1,   1,   1,   1,   1,   2,   2,   2,   3,   3,   3,   3,   3,   4,   4
  1,   0,   1,   2,   3,   4,   5,   6,   7,   8,   5,   7,  11,  10,  11,  13,  14,  16,  17,  18

  0,   1,   1,   1,   1,   1,   1,   1,   1,   1,   2,   2,   2,   3,   3,   3,   3,   4,   4,   4
  1,   0,   1,   2,   3,   4,   5,   6,   7,   8,   5,   7,  11,  10,  11,  13,  14,  15,  17,  18

  0,   1,   1,   1,   1,   1,   1,   1,   1,   2,   2,   2,   3,   3,   3,   3,   4,   4,   4,   5
  1,   0,   1,   2,   3,   4,   5,   6,   7,   5,   7,   9,  10,  11,  13,  14,  13,  15,  17,  18

  0,   1,   1,   1,   1,   1,   1,   1,   1,   2,   2,   2,   3,   3,   3,   4,   4,   4,   5,   5
  1,   0,   1,   2,   3,   4,   5,   6,   7,   5,   7,   9,  10,  11,  13,  13,  15,  17,  17,  18

  0,   1,   1,   1,   1,   1,   1,   1,   1,   2,   2,   2,   3,   3,   3,   3,   3,   4,   4,   5
  1,   0,   1,   2,   3,   4,   5,   6,   7,   5,   7,   9,   8,  10,  11,  13,  14,  13,  15,  18

  0,   1,   1,   1,   1,   1,   1,   1,   1,   2,   2,   2,   3,   3,   3,   3,   4,   4,   5,   5
  1,   0,   1,   2,   3,   4,   5,   6,   7,   5,   7,   9,   8,  10,  11,  13,  13,  15,  17,  18

  0,   1,   1,   1,   1,   1,   1,   1,   2,   2,   2,   3,   3,   3,   3,   4,   4,   5,   5,   5
  1,   0,   1,   2,   3,   4,   5,   6,   5,   7,   9,   8,  10,  11,  13,  13,  15,  16,  17,  18

  0,   1,   1,   1,   1,   1,   1,   1,   1,   2,   2,   2,   3,   3,   3,   4,   4,   4,   5,   5
  1,   0,   1,   2,   3,   4,   5,   6,   7,   5,   7,   9,   8,  10,  11,  11,  13,  15,  17,  18

  0,   1,   1,   1,   1,   1,   1,   1,   2,   2,   2,   3,   3,   3,   4,   4,   4,   5,   5,   5
  1,   0,   1,   2,   3,   4,   5,   6,   5,   7,   9,   8,  10,  11,  11,  13,  15,  16,  17,  18

  0,   1,   1,   1,   1,   1,   1,   2,   2,   2,   3,   3,   3,   4,   4,   4,   5,   5,   5,   6
  1,   0,   1,   2,   4,   5,   6,   5,   7,   9,   8,  10,  11,  11,  13,  15,  16,  17,  18,  18

  0,   1,   1,   1,   1,   1,   2,   2,   2,   3,   3,   3,   4,   4,   5,   5,   5,   6,   6,   7
  1,   0,   1,   2,   4,   5,   3,   5,   7,   7,   8,  10,   9,  11,  12,  13,  14,  17,  18,  18

  0,   1,   1,   1,   1,   1,   1,   2,   2,   2,   3,   3,   3,   3,   4,   4,   4,   5,   5,   6
  1,   0,   1,   2,   4,   5,   6,   5,   7,   9,   7,   8,  10,  11,  11,  13,  15,  16,  17,  18

  0,   1,   1,   1,   1,   1,   1,   2,   2,   2,   3,   3,   3,   3,   4,   4,   5,   5,   5,   6
  1,   0,   1,   2,   4,   5,   6,   5,   7,   9,   7,   8,  10,  11,  11,  13,  14,  16,  17,  18

  0,   1,   1,   1,   1,   1,   1,   2,   2,   2,   2,   3,   3,   3,   3,   4,   4,   4,   5,   6
  1,   0,   1,   2,   4,   5,   6,   3,   5,   7,   9,   7,   8,  10,  11,  11,  13,  15,  16,  18

  0,   1,   1,   1,   1,   1,   1,   2,   2,   2,   2,   3,   3,   3,   3,   4,   4,   5,   5,   6
  1,   0,   1,   2,   4,   5,   6,   3,   5,   7,   9,   7,   8,  10,  11,  11,  13,  14,  16,  18

  0,   1,   1,   1,   1,   1,   1,   2,   2,   2,   3,   3,   3,   3,   4,   4,   5,   5,   5,   6
  1,   0,   1,   2,   4,   5,   6,   3,   5,   7,   7,   8,  10,  11,  11,  13,  13,  14,  16,  18

  0,   1,   1,   1,   1,   1,   2,   2,   2,   3,   3,   3,   3,   4,   4,   5,   5,   5,   6,   6
  1,   0,   1,   2,   4,   5,   3,   5,   7,   7,   8,  10,  11,  11,  13,  13,  14,  16,  17,  18

  0,   1,   1,   1,   1,   1,   1,   2,   2,   2,   2,   3,   3,   3,   3,   4,   4,   4,   5,   6
  1,   0,   1,   2,   4,   5,   6,   3,   5,   7,   9,   7,   8,  10,  11,   9,  11,  13,  14,  18

  0,   1,   1,   1,   1,   1,   1,   2,   2,   2,   3,   3,   3,   3,   4,   4,   4,   5,   5,   6
  1,   0,   1,   2,   4,   5,   6,   3,   5,   7,   7,   8,  10,  11,   9,  11,  13,  13,  14,  18

  0,   1,   1,   1,   1,   1,   2,   2,   2,   3,   3,   3,   3,   4,   4,   4,   5,   5,   6,   6
  1,   0,   1,   2,   4,   5,   3,   5,   7,   7,   8,  10,  11,   9,  11,  13,  13,  14,  17,  18

  0,   1,   1,   1,   1,   1,   1,   2,   2,   2,   3,   3,   3,   4,   4,   4,   5,   5,   5,   6
  1,   0,   1,   2,   4,   5,   6,   3,   5,   7,   7,   8,  10,   9,  11,  13,  12,  13,  14,  18

  0,   1,   1,   1,   1,   1,   2,   2,   2,   3,   3,   3,   4,   4,   4,   5,   5,   5,   6,   6
  1,   0,   1,   2,   4,   5,   3,   5,   7,   7,   8,  10,   9,  11,  13,  12,  13,  14,  17,  18

  0,   1,   1,   1,   1,   1,   2,   2,   3,   3,   3,   4,   5,   5,   5,   6,   7,   7,   7,   8
  1,   0,   1,   2,   3,   4,   3,   5,   5,   7,   8,  11,  11,  12,  13,  13,  15,  16,  17,  18

  0,   1,   1,   1,   1,   1,   2,   2,   3,   3,   3,   4,   4,   5,   5,   5,   6,   7,   7,   8
  1,   0,   1,   2,   3,   4,   3,   5,   5,   7,   8,   7,  11,  11,  12,  13,  13,  15,  16,  18

  0,   1,   1,   1,   1,   1,   2,   2,   3,   3,   3,   4,   5,   5,   5,   6,   7,   7,   8,   8
  1,   0,   1,   2,   3,   4,   3,   5,   5,   7,   8,   7,   9,  11,  12,  13,  15,  16,  17,  18

  0,   1,   1,   1,   1,   2,   2,   3,   3,   3,   4,   4,   5,   5,   5,   6,   7,   7,   8,   9
  1,   0,   1,   3,   4,   3,   5,   5,   7,   8,   7,   9,   9,  11,  12,  13,  15,  16,  17,  18

  0,   1,   1,   1,   1,   2,   2,   3,   3,   3,   4,   4,   5,   5,   5,   6,   6,   7,   8,   9
  1,   0,   1,   3,   4,   3,   5,   5,   7,   8,   7,   9,   9,  11,  12,  11,  13,  15,  17,  18

  0,   1,   1,   1,   1,   2,   2,   3,   3,   3,   4,   4,   5,   5,   6,   6,   7,   7,   8,   9
  1,   0,   1,   3,   4,   3,   5,   5,   7,   8,   7,   9,   9,  11,  11,  13,  13,  15,  17,  18

  0,   1,   1,   1,   1,   2,   2,   3,   3,   4,   4,   5,   5,   6,   6,   7,   7,   8,   8,   9
  1,   0,   1,   3,   4,   3,   5,   5,   7,   7,   9,   9,  11,  11,  13,  13,  15,  15,  17,  18

  0,   1,   1,   1,   2,   2,   3,   3,   4,   4,   5,   5,   6,   6,   7,   7,   8,   8,   9,   9
  1,   0,   1,   3,   3,   5,   5,   7,   7,   9,   9,  11,  11,  13,  13,  15,  15,  17,  17,  18

  0,   1,   1,   1,   1,   2,   2,   3,   3,   3,   3,   4,   4,   5,   5,   5,   6,   6,   7,   9
  1,   0,   1,   3,   4,   3,   5,   4,   5,   7,   8,   7,   9,   9,  11,  12,  11,  13,  15,  18

  0,   1,   1,   1,   1,   2,   2,   3,   3,   3,   3,   4,   4,   5,   5,   6,   6,   7,   7,   9
  1,   0,   1,   3,   4,   3,   5,   4,   5,   7,   8,   7,   9,   9,  11,  11,  13,  13,  15,  18

  0,   1,   1,   1,   1,   2,   2,   3,   3,   3,   4,   4,   5,   5,   6,   6,   7,   7,   8,   9
  1,   0,   1,   3,   4,   3,   5,   4,   5,   7,   7,   9,   9,  11,  11,  13,  13,  15,  15,  18

  0,   1,   1,   1,   2,   2,   3,   3,   3,   4,   4,   5,   5,   6,   6,   7,   7,   8,   9,   9
  1,   0,   1,   3,   3,   5,   4,   5,   7,   7,   9,   9,  11,  11,  13,  13,  15,  15,  17,  18

  0,   1,   1,   1,   1,   2,   2,   3,   3,   3,   3,   4,   4,   5,   5,   5,   6,   6,   7,   9
  1,   0,   1,   3,   4,   3,   5,   4,   5,   7,   8,   7,   9,   8,   9,  11,  11,  13,  13,  18

  0,   1,   1,   1,   1,   2,   2,   3,   3,   3,   4,   4,   5,   5,   5,   6,   6,   7,   8,   9
  1,   0,   1,   3,   4,   3,   5,   4,   5,   7,   7,   9,   8,   9,  11,  11,  13,  13,  15,  18

  0,   1,   1,   1,   2,   2,   3,   3,   3,   4,   4,   5,   5,   5,   6,   6,   7,   8,   9,   9
  1,   0,   1,   3,   3,   5,   4,   5,   7,   7,   9,   8,   9,  11,  11,  13,  13,  15,  17,  18

  0,   1,   1,   1,   1,   2,   2,   3,   3,   3,   4,   4,   5,   5,   5,   6,   7,   7,   8,   9
  1,   0,   1,   3,   4,   3,   5,   4,   5,   7,   7,   9,   8,   9,  11,  11,  12,  13,  15,  18

  0,   1,   1,   1,   2,   2,   3,   3,   3,   4,   4,   5,   5,   5,   6,   7,   7,   8,   9,   9
  1,   0,   1,   3,   3,   5,   4,   5,   7,   7,   9,   8,   9,  11,  11,  12,  13,  15,  17,  18

  0,   1,   1,   1,   2,   2,   3,   3,   3,   4,   4,   5,   5,   6,   7,   7,   8,   9,   9,   9
  1,   0,   1,   3,   3,   5,   4,   5,   7,   7,   9,   8,   9,  11,  12,  13,  15,  16,  17,  18

  0,   1,   1,   1,   1,   1,   1,   1,   1,   1,   1,   1,   1,   1,   2,   2,   2,   2,   2,   2
  9,  -9,  -8,  -7,  -6,  -5,  -4,  -3,  -2,  -1,   1,   2,   3,   4,  -9,  -7,  -5,  -3,  -1,   0

  0,   1,   1,   1,   1,   1,   1,   1,   1,   1,   1,   1,   1,   1,   2,   2,   2,   2,   2,   2
  9,  -4,  -3,  -2,  -1,   1,   2,   3,   4,   5,   6,   7,   8,   9,   0,   1,   3,   5,   7,   9

  0,   1,   1,   1,   1,   1,   1,   1,   1,   1,   1,   1,   1,   1,   1,   2,   2,   2,   2,   2
  9,  -5,  -4,  -3,  -2,  -1,   1,   2,   3,   4,   5,   6,   7,   8,   9,   0,   1,   3,   5,   7

  0,   1,   1,   1,   1,   1,   1,   1,   1,   1,   1,   1,   1,   1,   1,   1,   2,   2,   2,   2
  9,  -6,  -5,  -4,  -3,  -2,  -1,   1,   2,   3,   4,   5,   6,   7,   8,   9,   0,   1,   3,   5

  0,   1,   1,   1,   1,   1,   1,   1,   1,   1,   1,   1,   1,   1,   1,   1,   1,   2,   2,   2
  9,  -7,  -6,  -5,  -4,  -3,  -2,  -1,   1,   2,   3,   4,   5,   6,   7,   8,   9,   0,   1,   3

  0,   1,   1,   1,   1,   1,   1,   1,   1,   1,   1,   1,   1,   1,   2,   2,   2,   2,   2,   2
  9,  -5,  -4,  -3,  -2,  -1,   1,   2,   3,   4,   5,   6,   7,   8,  -1,   0,   1,   3,   5,   7

  0,   1,   1,   1,   1,   1,   1,   1,   1,   1,   1,   1,   1,   1,   1,   2,   2,   2,   2,   2
  9,  -6,  -5,  -4,  -3,  -2,  -1,   1,   2,   3,   4,   5,   6,   7,   8,  -1,   0,   1,   3,   5

  0,   1,   1,   1,   1,   1,   1,   1,   1,   1,   1,   1,   1,   1,   1,   1,   2,   2,   2,   2
  9,  -7,  -6,  -5,  -4,  -3,  -2,  -1,   1,   2,   3,   4,   5,   6,   7,   8,  -1,   0,   1,   3

  0,   1,   1,   1,   1,   1,   1,   1,   1,   1,   1,   1,   1,   1,   2,   2,   2,   2,   2,   2
  9,  -6,  -5,  -4,  -3,  -2,  -1,   1,   2,   3,   4,   5,   6,   7,  -3,  -1,   0,   1,   3,   5

  0,   1,   1,   1,   1,   1,   1,   1,   1,   1,   1,   1,   1,   1,   1,   2,   2,   2,   2,   2
  9,  -7,  -6,  -5,  -4,  -3,  -2,  -1,   1,   2,   3,   4,   5,   6,   7,  -3,  -1,   0,   1,   3

  0,   1,   1,   1,   1,   1,   1,   1,   1,   1,   1,   1,   1,   1,   1,   1,   1,   1,   2,   2
  9,  -8,  -7,  -6,  -5,  -4,  -3,  -2,  -1,   1,   2,   3,   4,   5,   6,   7,   8,   9,   0,   1

  0,   1,   1,   1,   1,   1,   1,   1,   1,   1,   1,   1,   1,   1,   1,   1,   1,   2,   2,   2
  9,  -8,  -7,  -6,  -5,  -4,  -3,  -2,  -1,   1,   2,   3,   4,   5,   6,   7,   8,  -1,   0,   1

  0,   1,   1,   1,   1,   1,   1,   1,   1,   1,   1,   1,   1,   1,   1,   1,   2,   2,   2,   2
  9,  -8,  -7,  -6,  -5,  -4,  -3,  -2,  -1,   1,   2,   3,   4,   5,   6,   7,  -3,  -1,   0,   1

  0,   1,   1,   1,   1,   1,   1,   1,   1,   1,   1,   1,   1,   1,   2,   2,   2,   2,   2,   2
  9,  -7,  -6,  -5,  -4,  -3,  -2,  -1,   1,   2,   3,   4,   5,   6,  -5,  -3,  -1,   0,   1,   3

  0,   1,   1,   1,   1,   1,   1,   1,   1,   1,   1,   1,   1,   1,   1,   2,   2,   2,   2,   2
  9,  -8,  -7,  -6,  -5,  -4,  -3,  -2,  -1,   1,   2,   3,   4,   5,   6,  -5,  -3,  -1,   0,   1

  0,   1,   1,   1,   1,   1,   1,   1,   1,   1,   1,   1,   1,   1,   2,   2,   2,   2,   2,   2
  9,  -8,  -7,  -6,  -5,  -4,  -3,  -2,  -1,   1,   2,   3,   4,   5,  -7,  -5,  -3,  -1,   0,   1

  0,   1,   1,   1,   1,   1,   1,   1,   1,   1,   1,   1,   1,   1,   1,   1,   1,   1,   1,   2
  9,  -9,  -8,  -7,  -6,  -5,  -4,  -3,  -2,  -1,   1,   2,   3,   4,   5,   6,   7,   8,   9,   0

  0,   1,   1,   1,   1,   1,   1,   1,   1,   1,   1,   1,   1,   1,   1,   1,   1,   1,   2,   2
  9,  -9,  -8,  -7,  -6,  -5,  -4,  -3,  -2,  -1,   1,   2,   3,   4,   5,   6,   7,   8,  -1,   0

  0,   1,   1,   1,   1,   1,   1,   1,   1,   1,   1,   1,   1,   1,   1,   1,   1,   2,   2,   2
  9,  -9,  -8,  -7,  -6,  -5,  -4,  -3,  -2,  -1,   1,   2,   3,   4,   5,   6,   7,  -3,  -1,   0

  0,   1,   1,   1,   1,   1,   1,   1,   1,   1,   1,   1,   1,   1,   1,   1,   2,   2,   2,   2
  9,  -9,  -8,  -7,  -6,  -5,  -4,  -3,  -2,  -1,   1,   2,   3,   4,   5,   6,  -5,  -3,  -1,   0

  0,   1,   1,   1,   1,   1,   1,   1,   1,   1,   1,   1,   1,   1,   1,   2,   2,   2,   2,   2
  9,  -9,  -8,  -7,  -6,  -5,  -4,  -3,  -2,  -1,   1,   2,   3,   4,   5,  -7,  -5,  -3,  -1,   0

  0,   1,   1,   1,   1,   1,   1,   1,   1,   1,   1,   2,   2,   2,   2,   2,   2,   3,   3,   3
  1,  -3,  -2,  -1,   1,   2,   4,   5,   6,   7,   8,   0,   1,   3,   5,   7,   9,   7,   8,   9

  0,   1,   1,   1,   1,   1,   1,   1,   1,   1,   2,   2,   2,   2,   2,   2,   3,   3,   3,   3
  1,  -3,  -2,  -1,   1,   2,   4,   5,   6,   7,   0,   1,   3,   5,   7,   9,   5,   7,   8,   9

  0,   1,   1,   1,   1,   1,   1,   1,   1,   1,   2,   2,   2,   2,   2,   3,   3,   3,   3,   3
  1,  -3,  -2,  -1,   1,   2,   4,   5,   6,   7,   0,   1,   3,   5,   7,   4,   5,   7,   8,   9

  0,   1,   1,   1,   1,   1,   1,   1,   2,   2,   2,   2,   2,   3,   3,   3,   3,   3,   4,   4
  1,  -2,  -1,   1,   2,   4,   5,   6,   0,   1,   3,   5,   7,   4,   5,   7,   8,   9,   7,   9

  0,   1,   1,   1,   1,   1,   1,   1,   1,   1,   2,   2,   2,   2,   3,   3,   3,   3,   3,   3
  6,  -5,  -4,  -3,  -2,  -1,   1,   2,   3,   4,  -5,  -3,  -1,   1,  -5,  -4,  -2,  -1,   0,   1

  0,   1,   1,   1,   1,   1,   1,   1,   1,   1,   2,   2,   2,   2,   3,   3,   3,   3,   3,   3
  6,  -5,  -4,  -3,  -2,  -1,   1,   2,   3,   4,  -3,  -1,   1,   3,  -4,  -2,  -1,   0,   1,   2

  0,   1,   1,   1,   1,   1,   1,   1,   1,   1,   2,   2,   2,   2,   3,   3,   3,   3,   3,   3
  6,  -4,  -3,  -2,  -1,   1,   2,   3,   4,   5,  -3,  -1,   1,   3,  -2,  -1,   0,   1,   2,   4

  0,   1,   1,   1,   1,   1,   1,   1,   1,   1,   2,   2,   2,   2,   3,   3,   3,   3,   3,   3
  6,  -4,  -3,  -2,  -1,   1,   2,   3,   4,   5,  -1,   1,   3,   5,  -1,   0,   1,   2,   4,   5

  0,   1,   1,   1,   1,   1,   1,   1,   1,   1,   1,   2,   2,   2,   2,   3,   3,   3,   3,   3
  6,  -4,  -3,  -2,  -1,   1,   2,   3,   4,   5,   6,  -1,   1,   3,   5,   0,   1,   2,   4,   5

  0,   1,   1,   1,   1,   1,   1,   1,   1,   1,   2,   2,   2,   2,   2,   3,   3,   3,   3,   3
  6,  -4,  -3,  -2,  -1,   1,   2,   3,   4,   5,  -3,  -1,   1,   3,   5,  -1,   0,   1,   2,   4

  0,   1,   1,   1,   1,   1,   1,   1,   1,   1,   1,   2,   2,   2,   2,   2,   3,   3,   3,   3
  6,  -4,  -3,  -2,  -1,   1,   2,   3,   4,   5,   6,  -3,  -1,   1,   3,   5,   0,   1,   2,   4

  0,   1,   1,   1,   1,   1,   1,   1,   1,   1,   1,   2,   2,   2,   2,   3,   3,   3,   3,   3
  6,  -5,  -4,  -3,  -2,  -1,   1,   2,   3,   4,   5,  -3,  -1,   1,   3,  -2,  -1,   0,   1,   2

  0,   1,   1,   1,   1,   1,   1,   1,   1,   1,   1,   2,   2,   2,   2,   2,   3,   3,   3,   3
  6,  -5,  -4,  -3,  -2,  -1,   1,   2,   3,   4,   5,  -3,  -1,   1,   3,   5,  -1,   0,   1,   2

  0,   1,   1,   1,   1,   1,   1,   1,   1,   1,   1,   1,   2,   2,   2,   2,   2,   3,   3,   3
  6,  -5,  -4,  -3,  -2,  -1,   1,   2,   3,   4,   5,   6,  -3,  -1,   1,   3,   5,   0,   1,   2

  0,   1,   1,   1,   1,   1,   1,   1,   1,   1,   2,   2,   2,   2,   2,   3,   3,   3,   3,   3
  6,  -5,  -4,  -3,  -2,  -1,   1,   2,   3,   4,  -5,  -3,  -1,   1,   3,  -4,  -2,  -1,   0,   1

  0,   1,   1,   1,   1,   1,   1,   1,   1,   1,   1,   2,   2,   2,   2,   2,   3,   3,   3,   3
  6,  -5,  -4,  -3,  -2,  -1,   1,   2,   3,   4,   5,  -5,  -3,  -1,   1,   3,  -2,  -1,   0,   1

  0,   1,   1,   1,   1,   1,   1,   1,   1,   1,   1,   2,   2,   2,   2,   3,   3,   3,   3,   3
  6,  -6,  -5,  -4,  -3,  -2,  -1,   1,   2,   3,   4,  -5,  -3,  -1,   1,  -5,  -4,  -2,  -1,   0

  0,   1,   1,   1,   1,   1,   1,   1,   1,   1,   1,   2,   2,   2,   2,   2,   3,   3,   3,   3
  6,  -6,  -5,  -4,  -3,  -2,  -1,   1,   2,   3,   4,  -5,  -3,  -1,   1,   3,  -4,  -2,  -1,   0

  0,   1,   1,   1,   1,   1,   1,   1,   1,   1,   1,   1,   2,   2,   2,   2,   2,   3,   3,   3
  6,  -6,  -5,  -4,  -3,  -2,  -1,   1,   2,   3,   4,   5,  -5,  -3,  -1,   1,   3,  -2,  -1,   0

  0,   1,   1,   1,   1,   1,   1,   1,   1,   1,   2,   2,   2,   2,   3,   3,   3,   3,   3,   3
  1,  -4,  -3,  -2,  -1,   1,   3,   4,   5,   6,  -1,   1,   3,   5,   0,   1,   2,   4,   5,   6

  0,   1,   1,   1,   1,   1,   1,   1,   2,   2,   2,   2,   3,   3,   3,   3,   3,   3,   4,   4
  1,  -3,  -2,  -1,   1,   3,   4,   5,  -1,   1,   3,   5,   0,   1,   2,   4,   5,   6,   3,   5

  0,   1,   1,   1,   1,   1,   2,   2,   2,   2,   3,   3,   3,   3,   3,   3,   4,   4,   5,   5
  1,  -2,  -1,   1,   3,   4,  -1,   1,   3,   5,   0,   1,   2,   4,   5,   6,   3,   5,   4,   6

