  0,   1,   1,   1,   1,   1,   1,   1,   1,   1,   1,   1,   1,   1,   1,   1,   1,   1,   1,   1,   1,   1,   1,   1,   1,   1,   1,   1,   1,   2
  1,   0,   1,   2,   3,   4,   5,   6,   7,   8,   9,  10,  11,  12,  13,  14,  15,  16,  17,  18,  19,  20,  21,  22,  23,  24,  25,  26,  27,  27

  0,   1,   1,   1,   1,   1,   1,   1,   1,   1,   1,   1,   1,   1,   1,   1,   1,   1,   1,   1,   1,   1,   1,   1,   1,   1,   1,   1,   1,   2
  1,   0,   1,   2,   3,   4,   5,   6,   7,   8,   9,  10,  11,  12,  13,  14,  15,  16,  17,  18,  19,  20,  21,  22,  23,  24,  25,  26,  27,  27

  0,   1,   1,   1,   1,   1,   1,   1,   1,   1,   1,   1,   1,   1,   1,   1,   1,   1,   1,   1,   1,   1,   1,   1,   1,   1,   1,   1,   2,   2
  1,   0,   1,   2,   3,   4,   5,   6,   7,   8,   9,  10,  11,  12,  13,  14,  15,  16,  17,  18,  19,  20,  21,  22,  23,  24,  25,  26,  25,  27

  0,   1,   1,   1,   1,   1,   1,   1,   1,   1,   1,   1,   1,   1,   1,   1,   1,   1,   1,   1,   1,   1,   1,   1,   1,   1,   1,   2,   2,   2
  1,   0,   1,   2,   3,   4,   5,   6,   7,   8,   9,  10,  11,  12,  13,  14,  15,  16,  17,  18,  19,  20,  21,  22,  23,  24,  25,  23,  25,  27

  0,   1,   1,   1,   1,   1,   1,   1,   1,   1,   1,   1,   1,   1,   1,   1,   1,   1,   1,   1,   1,   1,   1,   1,   1,   1,   2,   2,   2,   2
  1,   0,   1,   2,   3,   4,   5,   6,   7,   8,   9,  10,  11,  12,  13,  14,  15,  16,  17,  18,  19,  20,  21,  22,  23,  24,  21,  23,  25,  27

  0,   1,   1,   1,   1,   1,   1,   1,   1,   1,   1,   1,   1,   1,   1,   1,   1,   1,   1,   1,   1,   1,   1,   1,   1,   2,   2,   2,   2,   2
  1,   0,   1,   2,   3,   4,   5,   6,   7,   8,   9,  10,  11,  12,  13,  14,  15,  16,  17,  18,  19,  20,  21,  22,  23,  19,  21,  23,  25,  27

  0,   1,   1,   1,   1,   1,   1,   1,   1,   1,   1,   1,   1,   1,   1,   1,   1,   1,   1,   1,   1,   1,   1,   1,   2,   2,   2,   2,   2,   2
  1,   0,   1,   2,   3,   4,   5,   6,   7,   8,   9,  10,  11,  12,  13,  14,  15,  16,  17,  18,  19,  20,  21,  22,  17,  19,  21,  23,  25,  27

  0,   1,   1,   1,   1,   1,   1,   1,   1,   1,   1,   1,   1,   1,   1,   1,   1,   1,   1,   1,   1,   1,   1,   2,   2,   2,   2,   2,   2,   2
  1,   0,   1,   2,   3,   4,   5,   6,   7,   8,   9,  10,  11,  12,  13,  14,  15,  16,  17,  18,  19,  20,  21,  15,  17,  19,  21,  23,  25,  27

  0,   1,   1,   1,   1,   1,   1,   1,   1,   1,   1,   1,   1,   1,   1,   1,   2,   2,   2,   2,   2,   2,   2,   3,   3,   3,   3,   3,   3,   3
  1,   0,   1,   2,   3,   4,   5,   6,   7,   8,  10,  11,  12,  13,  14,  15,   9,  11,  13,  15,  17,  19,  21,  19,  20,  22,  23,  25,  26,  27

  0,   1,   1,   1,   1,   1,   1,   1,   1,   1,   1,   1,   1,   1,   1,   2,   2,   2,   2,   2,   2,   3,   3,   3,   3,   3,   3,   3,   4,   4
  1,   0,   1,   2,   3,   4,   5,   6,   7,   8,   9,  10,  11,  12,  13,   9,  11,  13,  15,  17,  19,  16,  17,  19,  20,  22,  23,  25,  25,  27

  0,   1,   1,   1,   1,   1,   1,   1,   1,   1,   1,   1,   1,   1,   1,   2,   2,   2,   2,   2,   2,   2,   3,   3,   3,   3,   3,   3,   4,   4
  1,   0,   1,   2,   3,   4,   5,   6,   7,   8,   9,  10,  11,  12,  13,   7,   9,  11,  13,  15,  17,  19,  16,  17,  19,  20,  22,  23,  25,  27

  0,   1,   1,   1,   1,   1,   1,   1,   1,   1,   1,   1,   1,   1,   1,   2,   2,   2,   2,   2,   2,   3,   3,   3,   3,   3,   3,   3,   4,   4
  1,   0,   1,   2,   3,   4,   5,   6,   7,   8,   9,  10,  11,  12,  13,   7,   9,  11,  13,  15,  17,  14,  16,  17,  19,  20,  22,  23,  25,  27

  0,   1,   1,   1,   1,   1,   1,   1,   1,   1,   1,   1,   1,   1,   2,   2,   2,   2,   2,   2,   3,   3,   3,   3,   3,   3,   3,   4,   4,   4
  1,   0,   1,   2,   3,   4,   5,   6,   7,   8,   9,  10,  11,  12,   7,   9,  11,  13,  15,  17,  14,  16,  17,  19,  20,  22,  23,  23,  25,  27

  0,   1,   1,   1,   1,   1,   1,   1,   1,   1,   1,   1,   1,   1,   2,   2,   2,   2,   2,   2,   3,   3,   3,   3,   3,   3,   4,   4,   4,   4
  1,   0,   1,   2,   3,   4,   5,   6,   7,   8,   9,  10,  11,  12,   7,   9,  11,  13,  15,  17,  14,  16,  17,  19,  20,  22,  21,  23,  25,  27

  0,   1,   1,   1,   1,   1,   1,   1,   1,   1,   1,   1,   2,   2,   2,   2,   2,   3,   3,   3,   3,   3,   3,   4,   4,   4,   4,   5,   5,   5
  1,   0,   1,   2,   3,   4,   5,   6,   7,   8,   9,  10,   7,   9,  11,  13,  15,  11,  13,  14,  16,  17,  19,  17,  19,  21,  23,  24,  26,  27

  0,   1,   1,   1,   1,   1,   1,   1,   1,   1,   1,   1,   2,   2,   2,   2,   3,   3,   3,   3,   3,   3,   4,   4,   4,   4,   5,   5,   5,   5
  1,   0,   1,   2,   3,   4,   5,   6,   7,   8,   9,  10,   7,   9,  11,  13,  11,  13,  14,  16,  17,  19,  17,  19,  21,  23,  23,  24,  26,  27

  0,   1,   1,   1,   1,   1,   1,   1,   1,   1,   1,   2,   2,   2,   2,   3,   3,   3,   3,   3,   3,   4,   4,   4,   4,   5,   5,   5,   5,   6
  1,   0,   1,   2,   3,   4,   5,   6,   7,   8,   9,   5,   7,  11,  13,  10,  11,  13,  14,  16,  17,  15,  17,  19,  21,  21,  22,  23,  24,  27

  0,   1,   1,   1,   1,   1,   1,   1,   2,   2,   2,   3,   3,   3,   3,   3,   4,   4,   4,   5,   5,   5,   5,   5,   6,   7,   7,   7,   7,   8
  1,   0,   1,   2,   3,   4,   5,   6,   5,   7,   9,   7,   8,  10,  11,  13,  11,  13,  15,  14,  16,  17,  18,  19,  19,  22,  23,  24,  25,  27

  0,   1,   1,   1,   1,   1,   1,   1,   2,   2,   2,   3,   3,   3,   3,   4,   4,   4,   5,   5,   5,   5,   5,   6,   7,   7,   7,   7,   8,   8
  1,   0,   1,   2,   3,   4,   5,   6,   5,   7,   9,   7,   8,  10,  11,  11,  13,  15,  14,  16,  17,  18,  19,  19,  22,  23,  24,  25,  25,  27

  0,   1,   1,   1,   1,   1,   1,   2,   2,   2,   2,   3,   3,   3,   3,   4,   4,   4,   5,   5,   5,   5,   5,   6,   6,   7,   7,   7,   8,   9
  1,   0,   1,   2,   4,   5,   6,   3,   5,   7,   9,   7,   8,  10,  11,  11,  13,  15,  13,  14,  16,  17,  18,  17,  19,  20,  22,  23,  25,  27

  0,   1,   1,   1,   1,   1,   1,   2,   2,   2,   2,   3,   3,   3,   3,   4,   4,   4,   5,   5,   5,   5,   5,   6,   6,   7,   7,   7,   8,   9
  1,   0,   1,   2,   4,   5,   6,   3,   5,   7,   9,   7,   8,  10,  11,   9,  11,  13,  12,  13,  14,  16,  17,  17,  19,  19,  20,  22,  23,  27

  0,   1,   1,   1,   1,   1,   2,   2,   2,   3,   3,   3,   3,   4,   4,   4,   5,   5,   5,   5,   6,   6,   7,   7,   7,   8,   8,   9,   9,   9
  1,   0,   1,   2,   4,   5,   3,   5,   7,   7,   8,  10,  11,   9,  11,  13,  12,  13,  14,  16,  17,  19,  18,  19,  20,  21,  23,  25,  26,  27

  0,   1,   1,   1,   1,   1,   2,   2,   3,   3,   3,   4,   4,   5,   5,   5,   6,   7,   7,   7,   8,   8,   9,   9,   9,  10,  11,  11,  11,  12
  1,   0,   1,   2,   3,   4,   3,   5,   5,   7,   8,   7,  11,  11,  12,  13,  13,  15,  16,  17,  17,  19,  19,  20,  22,  23,  24,  25,  26,  27

  0,   1,   1,   1,   1,   1,   2,   2,   3,   3,   3,   4,   4,   5,   5,   5,   5,   6,   7,   7,   7,   8,   8,   9,   9,  10,  10,  11,  11,  12
  1,   0,   1,   2,   3,   4,   3,   5,   5,   7,   8,   7,  11,   9,  11,  12,  13,  13,  15,  16,  17,  17,  19,  19,  20,  21,  23,  24,  25,  27

  0,   1,   1,   1,   1,   1,   1,   1,   1,   1,   1,   1,   1,   1,   1,   1,   2,   2,   2,   2,   2,   2,   2,   3,   3,   3,   3,   3,   3,   3
  9,  -6,  -5,  -4,  -3,  -2,  -1,   1,   2,   3,   4,   5,   6,   7,   8,   9,  -3,  -1,   1,   3,   5,   7,   9,   0,   1,   2,   4,   5,   7,   8

  0,   1,   1,   1,   1,   1,   1,   1,   1,   1,   1,   1,   1,   1,   1,   1,   2,   2,   2,   2,   2,   2,   2,   3,   3,   3,   3,   3,   3,   3
  9,  -7,  -6,  -5,  -4,  -3,  -2,  -1,   1,   2,   3,   4,   5,   6,   7,   8,  -5,  -3,  -1,   1,   3,   5,   7,  -2,  -1,   0,   1,   2,   4,   5

  0,   1,   1,   1,   1,   1,   1,   1,   1,   1,   1,   1,   1,   1,   1,   1,   2,   2,   2,   2,   2,   2,   2,   3,   3,   3,   3,   3,   3,   3
  9,  -8,  -7,  -6,  -5,  -4,  -3,  -2,  -1,   1,   2,   3,   4,   5,   6,   7,  -7,  -5,  -3,  -1,   1,   3,   5,  -5,  -4,  -2,  -1,   0,   1,   2

  0,   1,   1,   1,   1,   1,   1,   1,   1,   1,   1,   1,   1,   1,   1,   1,   2,   2,   2,   2,   2,   2,   2,   3,   3,   3,   3,   3,   3,   3
  9,  -9,  -8,  -7,  -6,  -5,  -4,  -3,  -2,  -1,   1,   2,   3,   4,   5,   6,  -9,  -7,  -5,  -3,  -1,   1,   3,  -8,  -7,  -5,  -4,  -2,  -1,   0

  0,   1,   1,   1,   1,   1,   1,   1,   1,   1,   1,   1,   1,   1,   1,   2,   2,   2,   2,   2,   2,   2,   3,   3,   3,   3,   3,   3,   3,   3
  1,  -6,  -5,  -4,  -3,  -2,  -1,   1,   2,   4,   5,   6,   7,   8,   9,  -3,  -1,   1,   3,   5,   7,   9,   0,   1,   2,   4,   5,   7,   8,   9

  0,   1,   1,   1,   1,   1,   1,   1,   1,   1,   1,   1,   1,   2,   2,   2,   2,   2,   2,   2,   3,   3,   3,   3,   3,   3,   3,   3,   4,   4
  1,  -5,  -4,  -3,  -2,  -1,   1,   2,   4,   5,   6,   7,   8,  -3,  -1,   1,   3,   5,   7,   9,   0,   1,   2,   4,   5,   7,   8,   9,   5,   7

  0,   1,   1,   1,   1,   1,   1,   1,   1,   2,   2,   2,   2,   2,   3,   3,   3,   3,   3,   3,   3,   3,   4,   4,   4,   4,   5,   5,   5,   5
  1,  -3,  -2,  -1,   1,   2,   4,   5,   6,  -1,   1,   3,   5,   7,   0,   1,   2,   4,   5,   7,   8,   9,   3,   5,   7,   9,   6,   7,   8,   9

