  0,   1,   1,   1,   1,   1,   1,   1,   1,   1,   1,   1,   1,   1,   1,   1,   1,   1,   1,   1,   1,   1,   1,   1,   1,   1,   1,   1,   1,   1,   1,   1,   1,   2,   2,   2,   2,   2,   2,   2,   2,   2,   2,   2,   2,   2,   2,   2,   3,   3,   3,   3,   3,   3,   3,   3,   3,   3,   3,   3,   3,   3,   3,   3,   3,   3,   4,   4,   4,   4,   4,   4,   4,   4,   4,   4,   4,   5,   5,   5,   5,   5,   5,   5,   5,   5,   5
  1,   0,   1,   2,   3,   4,   5,   6,   7,   8,   9,  10,  11,  12,  13,  14,  15,  16,  17,  18,  19,  20,  21,  22,  23,  24,  25,  26,  27,  28,  29,  30,  31,  17,  19,  21,  23,  25,  27,  29,  31,  33,  35,  37,  39,  41,  43,  45,  34,  35,  37,  38,  40,  41,  43,  44,  46,  47,  49,  50,  52,  53,  55,  56,  58,  59,  53,  55,  57,  59,  61,  63,  65,  67,  69,  71,  73,  72,  73,  74,  76,  77,  78,  79,  81,  82,  83

  0,   1,   1,   1,   1,   1,   1,   1,   1,   1,   1,   1,   1,   1,   1,   1,   1,   1,   1,   1,   1,   1,   1,   1,   1,   1,   1,   1,   1,   1,   1,   1,   2,   2,   2,   2,   2,   2,   2,   2,   2,   2,   2,   2,   2,   2,   2,   3,   3,   3,   3,   3,   3,   3,   3,   3,   3,   3,   3,   3,   3,   3,   3,   3,   3,   4,   4,   4,   4,   4,   4,   4,   4,   4,   4,   4,   5,   5,   5,   5,   5,   5,   5,   5,   5,   5,   5
  1,   0,   1,   2,   3,   4,   5,   6,   7,   8,   9,  10,  11,  12,  13,  14,  15,  16,  17,  18,  19,  20,  21,  22,  23,  24,  25,  26,  27,  28,  29,  30,  17,  19,  21,  23,  25,  27,  29,  31,  33,  35,  37,  39,  41,  43,  45,  34,  35,  37,  38,  40,  41,  43,  44,  46,  47,  49,  50,  52,  53,  55,  56,  58,  59,  53,  55,  57,  59,  61,  63,  65,  67,  69,  71,  73,  71,  72,  73,  74,  76,  77,  78,  79,  81,  82,  83

  0,   1,   1,   1,   1,   1,   1,   1,   1,   1,   1,   1,   1,   1,   1,   1,   1,   1,   1,   1,   1,   1,   1,   1,   1,   1,   1,   1,   1,   1,   1,   1,   1,   2,   2,   2,   2,   2,   2,   2,   2,   2,   2,   2,   2,   2,   2,   2,   3,   3,   3,   3,   3,   3,   3,   3,   3,   3,   3,   3,   3,   3,   3,   3,   3,   3,   4,   4,   4,   4,   4,   4,   4,   4,   4,   4,   4,   5,   5,   5,   5,   5,   5,   5,   5,   5,   5
  1,   0,   1,   2,   3,   4,   5,   6,   7,   8,   9,  10,  11,  12,  13,  14,  15,  16,  17,  18,  19,  20,  21,  22,  23,  24,  25,  26,  27,  28,  29,  30,  31,  17,  19,  21,  23,  25,  27,  29,  31,  33,  35,  37,  39,  41,  43,  45,  34,  35,  37,  38,  40,  41,  43,  44,  46,  47,  49,  50,  52,  53,  55,  56,  58,  59,  51,  53,  55,  57,  59,  61,  63,  65,  67,  69,  71,  72,  73,  74,  76,  77,  78,  79,  81,  82,  83

  0,   1,   1,   1,   1,   1,   1,   1,   1,   1,   1,   1,   1,   1,   1,   1,   1,   1,   1,   1,   1,   1,   1,   1,   1,   1,   1,   1,   1,   1,   1,   1,   2,   2,   2,   2,   2,   2,   2,   2,   2,   2,   2,   2,   2,   2,   2,   3,   3,   3,   3,   3,   3,   3,   3,   3,   3,   3,   3,   3,   3,   3,   3,   3,   3,   4,   4,   4,   4,   4,   4,   4,   4,   4,   4,   4,   5,   5,   5,   5,   5,   5,   5,   5,   5,   5,   5
  1,   0,   1,   2,   3,   4,   5,   6,   7,   8,   9,  10,  11,  12,  13,  14,  15,  16,  17,  18,  19,  20,  21,  22,  23,  24,  25,  26,  27,  28,  29,  30,  17,  19,  21,  23,  25,  27,  29,  31,  33,  35,  37,  39,  41,  43,  45,  34,  35,  37,  38,  40,  41,  43,  44,  46,  47,  49,  50,  52,  53,  55,  56,  58,  59,  51,  53,  55,  57,  59,  61,  63,  65,  67,  69,  71,  71,  72,  73,  74,  76,  77,  78,  79,  81,  82,  83

  0,   1,   1,   1,   1,   1,   1,   1,   1,   1,   1,   2,   2,   2,   2,   2,   3,   3,   3,   3,   3,   3,   3,   4,   4,   4,   4,   4,   5,   5,   5,   5,   5,   5,   5,   5,   6,   6,   6,   7,   7,   7,   7,   7,   7,   7,   7,   8,   8,   8,   8,   8,   9,   9,   9,   9,   9,   9,  10,  10,  10,  11,  11,  11,  11,  11,  11,  11,  12,  12,  12,  13,  13,  13,  13,  13,  13,  14,  14,  14,  15,  15,  15,  16,  16,  17,  17
  1,   0,   1,   2,   3,   4,   5,   6,   7,   8,   9,   5,   7,   9,  11,  13,  10,  11,  13,  14,  16,  17,  19,  15,  17,  19,  21,  23,  21,  22,  23,  24,  26,  27,  28,  29,  25,  29,  31,  30,  31,  32,  33,  34,  36,  37,  38,  35,  37,  39,  41,  43,  40,  41,  43,  44,  46,  47,  47,  49,  51,  50,  51,  52,  53,  54,  56,  57,  55,  59,  61,  60,  61,  62,  63,  64,  66,  67,  69,  71,  71,  73,  74,  77,  79,  82,  83

  0,   1,   1,   1,   1,   1,   1,   1,   1,   1,   1,   2,   2,   2,   2,   2,   3,   3,   3,   3,   3,   3,   3,   4,   4,   4,   4,   4,   5,   5,   5,   5,   5,   5,   5,   6,   6,   6,   7,   7,   7,   7,   7,   7,   7,   7,   8,   8,   8,   8,   8,   9,   9,   9,   9,   9,   9,  10,  10,  10,  11,  11,  11,  11,  11,  11,  11,  12,  12,  12,  13,  13,  13,  13,  13,  13,  14,  14,  14,  15,  15,  15,  16,  16,  17,  17,  17
  1,   0,   1,   2,   3,   4,   5,   6,   7,   8,   9,   5,   7,   9,  11,  13,  10,  11,  13,  14,  16,  17,  19,  15,  17,  19,  21,  23,  21,  22,  23,  24,  26,  27,  28,  25,  29,  31,  30,  31,  32,  33,  34,  36,  37,  38,  35,  37,  39,  41,  43,  40,  41,  43,  44,  46,  47,  47,  49,  51,  50,  51,  52,  53,  54,  56,  57,  55,  59,  61,  60,  61,  62,  63,  64,  66,  67,  69,  71,  71,  73,  74,  77,  79,  81,  82,  83

  0,   1,   1,   1,   1,   1,   1,   1,   1,   1,   1,   2,   2,   2,   2,   2,   3,   3,   3,   3,   3,   3,   3,   4,   4,   4,   4,   4,   5,   5,   5,   5,   5,   5,   5,   5,   6,   6,   6,   7,   7,   7,   7,   7,   7,   7,   7,   8,   8,   8,   8,   8,   9,   9,   9,   9,   9,   9,  10,  10,  10,  11,  11,  11,  11,  11,  11,  11,  12,  12,  12,  13,  13,  13,  13,  13,  13,  14,  14,  14,  15,  15,  15,  16,  16,  17,  17
  1,   0,   1,   2,   3,   4,   5,   6,   7,   8,   9,   5,   7,   9,  11,  13,  10,  11,  13,  14,  16,  17,  19,  15,  17,  19,  21,  23,  21,  22,  23,  24,  26,  27,  28,  29,  25,  29,  31,  30,  31,  32,  33,  34,  36,  37,  38,  35,  37,  39,  41,  43,  40,  41,  43,  44,  46,  47,  47,  49,  51,  50,  51,  52,  53,  54,  56,  57,  55,  59,  61,  60,  61,  62,  63,  64,  66,  65,  67,  69,  71,  73,  74,  77,  79,  82,  83

  0,   1,   1,   1,   1,   1,   1,   1,   1,   1,   1,   2,   2,   2,   2,   2,   3,   3,   3,   3,   3,   3,   3,   4,   4,   4,   4,   4,   5,   5,   5,   5,   5,   5,   5,   6,   6,   6,   7,   7,   7,   7,   7,   7,   7,   7,   8,   8,   8,   8,   8,   9,   9,   9,   9,   9,   9,  10,  10,  10,  11,  11,  11,  11,  11,  11,  11,  12,  12,  12,  13,  13,  13,  13,  13,  13,  14,  14,  14,  15,  15,  15,  16,  16,  17,  17,  17
  1,   0,   1,   2,   3,   4,   5,   6,   7,   8,   9,   5,   7,   9,  11,  13,  10,  11,  13,  14,  16,  17,  19,  15,  17,  19,  21,  23,  21,  22,  23,  24,  26,  27,  28,  25,  29,  31,  30,  31,  32,  33,  34,  36,  37,  38,  35,  37,  39,  41,  43,  40,  41,  43,  44,  46,  47,  47,  49,  51,  50,  51,  52,  53,  54,  56,  57,  55,  59,  61,  60,  61,  62,  63,  64,  66,  65,  67,  69,  71,  73,  74,  77,  79,  81,  82,  83

  0,   1,   1,   1,   1,   1,   1,   1,   1,   1,   2,   2,   2,   2,   3,   3,   3,   3,   3,   4,   4,   4,   4,   5,   5,   5,   5,   5,   5,   5,   6,   6,   6,   7,   7,   7,   7,   7,   7,   7,   8,   8,   8,   8,   9,   9,   9,   9,   9,   9,  10,  10,  10,  11,  11,  11,  11,  11,  11,  12,  12,  12,  13,  13,  13,  13,  13,  14,  14,  14,  15,  15,  15,  16,  16,  16,  17,  17,  17,  17,  17,  18,  19,  19,  19,  19,  20
  1,   0,   1,   2,   3,   4,   5,   6,   7,   8,   5,   7,   9,  11,  10,  11,  13,  14,  16,  13,  15,  17,  19,  17,  18,  19,  21,  22,  23,  24,  23,  25,  29,  26,  27,  29,  30,  31,  32,  33,  31,  33,  35,  37,  34,  35,  37,  38,  40,  41,  39,  41,  43,  43,  45,  46,  47,  48,  49,  47,  49,  53,  53,  54,  55,  56,  57,  57,  59,  61,  61,  62,  64,  65,  67,  69,  69,  70,  71,  72,  73,  77,  78,  79,  80,  81,  83

  0,   1,   1,   1,   1,   1,   1,   1,   1,   1,   2,   2,   2,   2,   3,   3,   3,   3,   3,   4,   4,   4,   4,   5,   5,   5,   5,   5,   5,   5,   6,   6,   7,   7,   7,   7,   7,   7,   7,   8,   8,   8,   8,   9,   9,   9,   9,   9,   9,  10,  10,  10,  11,  11,  11,  11,  11,  11,  12,  12,  12,  13,  13,  13,  13,  13,  14,  14,  14,  15,  15,  15,  16,  16,  16,  17,  17,  17,  17,  17,  18,  18,  19,  19,  19,  19,  20
  1,   0,   1,   2,   3,   4,   5,   6,   7,   8,   5,   7,   9,  11,  10,  11,  13,  14,  16,  13,  15,  17,  19,  17,  18,  19,  21,  22,  23,  24,  23,  25,  26,  27,  29,  30,  31,  32,  33,  31,  33,  35,  37,  34,  35,  37,  38,  40,  41,  39,  41,  43,  43,  45,  46,  47,  48,  49,  47,  49,  53,  53,  54,  55,  56,  57,  57,  59,  61,  61,  62,  64,  65,  67,  69,  69,  70,  71,  72,  73,  73,  77,  78,  79,  80,  81,  83

  0,   1,   1,   1,   1,   1,   1,   1,   1,   1,   2,   2,   2,   2,   3,   3,   3,   3,   3,   4,   4,   4,   4,   5,   5,   5,   5,   5,   5,   5,   6,   6,   6,   7,   7,   7,   7,   7,   7,   7,   8,   8,   8,   8,   9,   9,   9,   9,   9,   9,  10,  10,  10,  11,  11,  11,  11,  11,  11,  12,  12,  12,  13,  13,  13,  13,  13,  13,  14,  14,  14,  15,  15,  15,  16,  16,  16,  17,  17,  17,  17,  17,  18,  19,  19,  19,  20
  1,   0,   1,   2,   3,   4,   5,   6,   7,   8,   5,   7,   9,  11,  10,  11,  13,  14,  16,  13,  15,  17,  19,  17,  18,  19,  21,  22,  23,  24,  23,  25,  29,  26,  27,  29,  30,  31,  32,  33,  31,  33,  35,  37,  34,  35,  37,  38,  40,  41,  39,  41,  43,  43,  45,  46,  47,  48,  49,  47,  49,  53,  51,  53,  54,  55,  56,  57,  57,  59,  61,  61,  62,  64,  65,  67,  69,  69,  70,  71,  72,  73,  77,  78,  79,  80,  83

  0,   1,   1,   1,   1,   1,   1,   1,   1,   1,   2,   2,   2,   2,   3,   3,   3,   3,   3,   4,   4,   4,   4,   5,   5,   5,   5,   5,   5,   5,   6,   6,   7,   7,   7,   7,   7,   7,   7,   8,   8,   8,   8,   9,   9,   9,   9,   9,   9,  10,  10,  10,  11,  11,  11,  11,  11,  11,  12,  12,  12,  13,  13,  13,  13,  13,  13,  14,  14,  14,  15,  15,  15,  16,  16,  16,  17,  17,  17,  17,  17,  18,  18,  19,  19,  19,  20
  1,   0,   1,   2,   3,   4,   5,   6,   7,   8,   5,   7,   9,  11,  10,  11,  13,  14,  16,  13,  15,  17,  19,  17,  18,  19,  21,  22,  23,  24,  23,  25,  26,  27,  29,  30,  31,  32,  33,  31,  33,  35,  37,  34,  35,  37,  38,  40,  41,  39,  41,  43,  43,  45,  46,  47,  48,  49,  47,  49,  53,  51,  53,  54,  55,  56,  57,  57,  59,  61,  61,  62,  64,  65,  67,  69,  69,  70,  71,  72,  73,  73,  77,  78,  79,  80,  83

