  0,   1,   1,   1,   1,   1,   1,   1,   1,   1,   1,   1,   1,   1,   1,   1,   1,   1,   1,   1,   1,   1,   1,   1,   1,   1,   1,   1,   1,   1,   1,   1,   1,   1,   1,   1,   1,   2
  1,   0,   1,   2,   3,   4,   5,   6,   7,   8,   9,  10,  11,  12,  13,  14,  15,  16,  17,  18,  19,  20,  21,  22,  23,  24,  25,  26,  27,  28,  29,  30,  31,  32,  33,  34,  35,  35

  0,   1,   1,   1,   1,   1,   1,   1,   1,   1,   1,   1,   1,   1,   1,   1,   1,   1,   1,   1,   1,   1,   1,   1,   1,   1,   1,   1,   1,   1,   1,   1,   1,   1,   1,   1,   1,   2
  1,   0,   1,   2,   3,   4,   5,   6,   7,   8,   9,  10,  11,  12,  13,  14,  15,  16,  17,  18,  19,  20,  21,  22,  23,  24,  25,  26,  27,  28,  29,  30,  31,  32,  33,  34,  35,  35

  0,   1,   1,   1,   1,   1,   1,   1,   1,   1,   1,   1,   1,   1,   1,   1,   1,   1,   1,   1,   1,   1,   1,   1,   1,   1,   1,   1,   1,   1,   1,   1,   1,   1,   1,   1,   2,   2
  1,   0,   1,   2,   3,   4,   5,   6,   7,   8,   9,  10,  11,  12,  13,  14,  15,  16,  17,  18,  19,  20,  21,  22,  23,  24,  25,  26,  27,  28,  29,  30,  31,  32,  33,  34,  33,  35

  0,   1,   1,   1,   1,   1,   1,   1,   1,   1,   1,   1,   1,   1,   1,   1,   1,   1,   1,   1,   1,   1,   1,   1,   1,   1,   1,   1,   1,   1,   1,   1,   1,   1,   1,   2,   2,   2
  1,   0,   1,   2,   3,   4,   5,   6,   7,   8,   9,  10,  11,  12,  13,  14,  15,  16,  17,  18,  19,  20,  21,  22,  23,  24,  25,  26,  27,  28,  29,  30,  31,  32,  33,  31,  33,  35

  0,   1,   1,   1,   1,   1,   1,   1,   1,   1,   1,   1,   1,   1,   1,   1,   1,   1,   1,   1,   1,   1,   1,   1,   1,   1,   1,   1,   1,   1,   1,   1,   1,   1,   2,   2,   2,   2
  1,   0,   1,   2,   3,   4,   5,   6,   7,   8,   9,  10,  11,  12,  13,  14,  15,  16,  17,  18,  19,  20,  21,  22,  23,  24,  25,  26,  27,  28,  29,  30,  31,  32,  29,  31,  33,  35

  0,   1,   1,   1,   1,   1,   1,   1,   1,   1,   1,   1,   1,   1,   1,   1,   1,   1,   1,   1,   1,   1,   1,   1,   1,   1,   1,   1,   1,   1,   1,   1,   1,   2,   2,   2,   2,   2
  1,   0,   1,   2,   3,   4,   5,   6,   7,   8,   9,  10,  11,  12,  13,  14,  15,  16,  17,  18,  19,  20,  21,  22,  23,  24,  25,  26,  27,  28,  29,  30,  31,  27,  29,  31,  33,  35

  0,   1,   1,   1,   1,   1,   1,   1,   1,   1,   1,   1,   1,   1,   1,   1,   1,   1,   1,   1,   1,   1,   1,   1,   1,   1,   1,   1,   1,   1,   1,   1,   2,   2,   2,   2,   2,   2
  1,   0,   1,   2,   3,   4,   5,   6,   7,   8,   9,  10,  11,  12,  13,  14,  15,  16,  17,  18,  19,  20,  21,  22,  23,  24,  25,  26,  27,  28,  29,  30,  25,  27,  29,  31,  33,  35

  0,   1,   1,   1,   1,   1,   1,   1,   1,   1,   1,   1,   1,   1,   1,   1,   1,   1,   1,   1,   1,   1,   1,   1,   1,   1,   1,   1,   1,   1,   1,   2,   2,   2,   2,   2,   2,   2
  1,   0,   1,   2,   3,   4,   5,   6,   7,   8,   9,  10,  11,  12,  13,  14,  15,  16,  17,  18,  19,  20,  21,  22,  23,  24,  25,  26,  27,  28,  29,  23,  25,  27,  29,  31,  33,  35

  0,   1,   1,   1,   1,   1,   1,   1,   1,   1,   1,   1,   1,   1,   1,   1,   1,   1,   1,   1,   1,   1,   1,   1,   1,   1,   1,   1,   1,   1,   2,   2,   2,   2,   2,   2,   2,   2
  1,   0,   1,   2,   3,   4,   5,   6,   7,   8,   9,  10,  11,  12,  13,  14,  15,  16,  17,  18,  19,  20,  21,  22,  23,  24,  25,  26,  27,  28,  21,  23,  25,  27,  29,  31,  33,  35

  0,   1,   1,   1,   1,   1,   1,   1,   1,   1,   1,   1,   1,   1,   1,   1,   1,   1,   1,   1,   1,   1,   1,   1,   1,   1,   1,   1,   1,   2,   2,   2,   2,   2,   2,   2,   2,   2
  1,   0,   1,   2,   3,   4,   5,   6,   7,   8,   9,  10,  11,  12,  13,  14,  15,  16,  17,  18,  19,  20,  21,  22,  23,  24,  25,  26,  27,  19,  21,  23,  25,  27,  29,  31,  33,  35

  0,   1,   1,   1,   1,   1,   1,   1,   1,   1,   1,   1,   1,   1,   1,   1,   1,   1,   1,   1,   1,   1,   1,   2,   2,   2,   2,   2,   2,   2,   2,   2,   3,   3,   3,   3,   3,   3
  1,   0,   1,   2,   3,   4,   5,   6,   7,   8,   9,  10,  11,  12,  13,  14,  15,  16,  17,  18,  19,  20,  21,  13,  15,  17,  19,  21,  23,  25,  27,  29,  28,  29,  31,  32,  34,  35

  0,   1,   1,   1,   1,   1,   1,   1,   1,   1,   1,   1,   1,   1,   1,   1,   1,   1,   1,   1,   1,   1,   2,   2,   2,   2,   2,   2,   2,   2,   2,   3,   3,   3,   3,   3,   3,   3
  1,   0,   1,   2,   3,   4,   5,   6,   7,   8,   9,  10,  11,  12,  13,  14,  15,  16,  17,  18,  19,  20,  13,  15,  17,  19,  21,  23,  25,  27,  29,  26,  28,  29,  31,  32,  34,  35

  0,   1,   1,   1,   1,   1,   1,   1,   1,   1,   1,   1,   1,   1,   1,   1,   1,   1,   1,   1,   1,   1,   2,   2,   2,   2,   2,   2,   2,   2,   3,   3,   3,   3,   3,   3,   3,   3
  1,   0,   1,   2,   3,   4,   5,   6,   7,   8,   9,  10,  11,  12,  13,  14,  15,  16,  17,  18,  19,  20,  13,  15,  17,  19,  21,  23,  25,  27,  25,  26,  28,  29,  31,  32,  34,  35

  0,   1,   1,   1,   1,   1,   1,   1,   1,   1,   1,   1,   1,   1,   1,   1,   1,   1,   1,   2,   2,   2,   2,   2,   2,   2,   2,   2,   3,   3,   3,   3,   3,   3,   3,   3,   4,   4
  1,   0,   1,   2,   3,   4,   5,   6,   7,   8,   9,  10,  11,  12,  13,  14,  15,  16,  17,   9,  11,  13,  15,  17,  19,  21,  23,  25,  20,  22,  23,  25,  26,  28,  29,  31,  33,  35

  0,   1,   1,   1,   1,   1,   1,   1,   1,   1,   1,   1,   1,   1,   1,   1,   1,   1,   2,   2,   2,   2,   2,   2,   2,   2,   3,   3,   3,   3,   3,   3,   3,   3,   4,   4,   4,   4
  1,   0,   1,   2,   3,   4,   5,   6,   7,   8,   9,  10,  11,  12,  13,  14,  15,  16,   9,  11,  13,  15,  17,  19,  21,  23,  19,  20,  22,  23,  25,  26,  28,  29,  29,  31,  33,  35

  0,   1,   1,   1,   1,   1,   1,   1,   1,   1,   1,   1,   2,   2,   2,   2,   2,   2,   3,   3,   3,   3,   3,   3,   3,   4,   4,   4,   4,   4,   5,   5,   5,   5,   5,   5,   5,   6
  1,   0,   1,   2,   3,   4,   5,   6,   8,   9,  10,  11,   7,   9,  11,  13,  15,  17,  14,  16,  17,  19,  20,  22,  23,  21,  23,  25,  27,  29,  28,  29,  31,  32,  33,  34,  35,  35

  0,   1,   1,   1,   1,   1,   1,   1,   1,   1,   1,   1,   1,   1,   2,   2,   2,   2,   2,   2,   2,   3,   3,   3,   3,   3,   3,   3,   3,   4,   4,   4,   4,   4,   5,   5,   5,   5
  1,   0,   1,   2,   3,   4,   5,   6,   8,   9,  10,  11,  12,  13,   7,   9,  11,  13,  15,  17,  19,  16,  17,  19,  20,  22,  23,  25,  26,  23,  25,  27,  29,  31,  32,  33,  34,  35

  0,   1,   1,   1,   1,   1,   1,   1,   1,   1,   1,   1,   1,   1,   2,   2,   2,   2,   2,   2,   2,   3,   3,   3,   3,   3,   3,   3,   4,   4,   4,   4,   4,   5,   5,   5,   5,   5
  1,   0,   1,   2,   3,   4,   5,   6,   8,   9,  10,  11,  12,  13,   7,   9,  11,  13,  15,  17,  19,  16,  17,  19,  20,  22,  23,  25,  23,  25,  27,  29,  31,  31,  32,  33,  34,  35

  0,   1,   1,   1,   1,   1,   1,   1,   1,   1,   1,   1,   1,   1,   2,   2,   2,   2,   2,   2,   2,   3,   3,   3,   3,   3,   3,   3,   3,   4,   4,   4,   4,   5,   5,   5,   5,   5
  1,   0,   1,   2,   3,   4,   5,   6,   8,   9,  10,  11,  12,  13,   7,   9,  11,  13,  15,  17,  19,  14,  16,  17,  19,  20,  22,  23,  25,  23,  25,  27,  29,  31,  32,  33,  34,  35

  0,   1,   1,   1,   1,   1,   1,   1,   1,   1,   1,   1,   1,   1,   2,   2,   2,   2,   2,   2,   2,   3,   3,   3,   3,   3,   3,   3,   4,   4,   4,   4,   4,   5,   5,   5,   5,   5
  1,   0,   1,   2,   3,   4,   5,   6,   8,   9,  10,  11,  12,  13,   7,   9,  11,  13,  15,  17,  19,  14,  16,  17,  19,  20,  22,  23,  21,  23,  25,  27,  29,  31,  32,  33,  34,  35

  0,   1,   1,   1,   1,   1,   1,   1,   1,   1,   1,   1,   1,   2,   2,   2,   2,   2,   2,   3,   3,   3,   3,   3,   3,   3,   4,   4,   4,   4,   4,   5,   5,   5,   5,   5,   5,   5
  1,   0,   1,   2,   3,   4,   5,   6,   8,   9,  10,  11,  12,   7,   9,  11,  13,  15,  17,  14,  16,  17,  19,  20,  22,  23,  21,  23,  25,  27,  29,  28,  29,  31,  32,  33,  34,  35

  0,   1,   1,   1,   1,   1,   1,   1,   1,   1,   1,   1,   1,   2,   2,   2,   2,   2,   2,   3,   3,   3,   3,   3,   3,   3,   4,   4,   4,   4,   4,   5,   5,   5,   5,   5,   5,   6
  1,   0,   1,   2,   3,   4,   5,   6,   7,   8,   9,  10,  11,   7,   9,  11,  13,  15,  17,  14,  16,  17,  19,  20,  22,  23,  21,  23,  25,  27,  29,  28,  29,  31,  32,  33,  34,  35

  0,   1,   1,   1,   1,   1,   1,   1,   1,   1,   1,   1,   1,   2,   2,   2,   2,   2,   2,   3,   3,   3,   3,   3,   3,   3,   4,   4,   4,   4,   5,   5,   5,   5,   5,   5,   5,   6
  1,   0,   1,   2,   3,   4,   5,   6,   7,   8,   9,  10,  11,   7,   9,  11,  13,  15,  17,  14,  16,  17,  19,  20,  22,  23,  21,  23,  25,  27,  27,  28,  29,  31,  32,  33,  34,  35

  0,   1,   1,   1,   1,   1,   1,   1,   1,   1,   1,   1,   1,   2,   2,   2,   2,   2,   2,   3,   3,   3,   3,   3,   3,   3,   3,   4,   4,   4,   4,   4,   5,   5,   5,   5,   5,   6
  1,   0,   1,   2,   3,   4,   5,   6,   7,   8,   9,  10,  11,   7,   9,  11,  13,  15,  17,  13,  14,  16,  17,  19,  20,  22,  23,  21,  23,  25,  27,  29,  28,  29,  31,  32,  33,  35

  0,   1,   1,   1,   1,   1,   1,   1,   1,   1,   1,   1,   1,   2,   2,   2,   2,   2,   2,   3,   3,   3,   3,   3,   3,   3,   3,   4,   4,   4,   4,   5,   5,   5,   5,   5,   5,   6
  1,   0,   1,   2,   3,   4,   5,   6,   7,   8,   9,  10,  11,   7,   9,  11,  13,  15,  17,  13,  14,  16,  17,  19,  20,  22,  23,  21,  23,  25,  27,  27,  28,  29,  31,  32,  33,  35

  0,   1,   1,   1,   1,   1,   1,   1,   1,   1,   1,   1,   1,   2,   2,   2,   2,   2,   2,   3,   3,   3,   3,   3,   3,   3,   4,   4,   4,   4,   5,   5,   5,   5,   5,   5,   5,   6
  1,   0,   1,   2,   3,   4,   5,   6,   7,   8,   9,  10,  11,   7,   9,  11,  13,  15,  17,  13,  14,  16,  17,  19,  20,  22,  21,  23,  25,  27,  26,  27,  28,  29,  31,  32,  33,  35

  0,   1,   1,   1,   1,   1,   1,   1,   1,   1,   1,   1,   1,   2,   2,   2,   2,   2,   2,   3,   3,   3,   3,   3,   3,   3,   3,   4,   4,   4,   4,   4,   5,   5,   5,   5,   5,   6
  1,   0,   1,   2,   3,   4,   5,   6,   7,   8,   9,  10,  11,   7,   9,  11,  13,  15,  17,  13,  14,  16,  17,  19,  20,  22,  23,  19,  21,  23,  25,  27,  27,  28,  29,  31,  32,  35

  0,   1,   1,   1,   1,   1,   1,   1,   1,   1,   1,   1,   1,   2,   2,   2,   2,   2,   2,   3,   3,   3,   3,   3,   3,   3,   4,   4,   4,   4,   4,   5,   5,   5,   5,   5,   5,   6
  1,   0,   1,   2,   3,   4,   5,   6,   7,   8,   9,  10,  11,   7,   9,  11,  13,  15,  17,  13,  14,  16,  17,  19,  20,  22,  19,  21,  23,  25,  27,  26,  27,  28,  29,  31,  32,  35

  0,   1,   1,   1,   1,   1,   1,   1,   1,   2,   2,   2,   2,   2,   3,   3,   3,   3,   3,   3,   4,   4,   4,   4,   5,   5,   5,   5,   5,   6,   6,   7,   7,   7,   7,   7,   7,   8
  1,   0,   1,   2,   3,   4,   6,   7,   8,   5,   7,   9,  11,  13,  10,  11,  13,  14,  16,  17,  15,  17,  19,  21,  21,  22,  23,  24,  26,  25,  29,  30,  31,  32,  33,  34,  35,  35

  0,   1,   1,   1,   1,   1,   1,   1,   1,   1,   1,   2,   2,   2,   2,   2,   2,   3,   3,   3,   3,   3,   3,   3,   4,   4,   4,   4,   4,   5,   5,   5,   5,   5,   5,   6,   6,   7
  1,   0,   1,   2,   3,   4,   6,   7,   8,   9,  10,   5,   7,   9,  11,  13,  15,  11,  13,  14,  16,  17,  19,  20,  17,  19,  21,  23,  25,  23,  24,  26,  27,  28,  29,  29,  31,  35

  0,   1,   1,   1,   1,   1,   1,   1,   1,   1,   1,   2,   2,   2,   2,   2,   2,   3,   3,   3,   3,   3,   3,   3,   4,   4,   4,   4,   5,   5,   5,   5,   5,   5,   5,   6,   6,   7
  1,   0,   1,   2,   3,   4,   6,   7,   8,   9,  10,   5,   7,   9,  11,  13,  15,  11,  13,  14,  16,  17,  19,  20,  17,  19,  21,  23,  22,  23,  24,  26,  27,  28,  29,  29,  31,  35

  0,   1,   1,   1,   1,   1,   1,   1,   1,   1,   1,   2,   2,   2,   2,   2,   2,   3,   3,   3,   3,   3,   3,   3,   3,   4,   4,   4,   4,   4,   5,   5,   5,   5,   5,   6,   6,   7
  1,   0,   1,   2,   3,   4,   6,   7,   8,   9,  10,   5,   7,   9,  11,  13,  15,  10,  11,  13,  14,  16,  17,  19,  20,  17,  19,  21,  23,  25,  23,  24,  26,  27,  28,  29,  31,  35

  0,   1,   1,   1,   1,   1,   1,   1,   1,   1,   1,   2,   2,   2,   2,   2,   2,   3,   3,   3,   3,   3,   3,   3,   3,   4,   4,   4,   4,   5,   5,   5,   5,   5,   5,   6,   6,   7
  1,   0,   1,   2,   3,   4,   6,   7,   8,   9,  10,   5,   7,   9,  11,  13,  15,  10,  11,  13,  14,  16,  17,  19,  20,  17,  19,  21,  23,  22,  23,  24,  26,  27,  28,  29,  31,  35

  0,   1,   1,   1,   1,   1,   1,   1,   1,   1,   1,   2,   2,   2,   2,   2,   2,   3,   3,   3,   3,   3,   3,   3,   4,   4,   4,   4,   5,   5,   5,   5,   5,   5,   5,   6,   6,   7
  1,   0,   1,   2,   3,   4,   6,   7,   8,   9,  10,   5,   7,   9,  11,  13,  15,  10,  11,  13,  14,  16,  17,  19,  17,  19,  21,  23,  21,  22,  23,  24,  26,  27,  28,  29,  31,  35

  0,   1,   1,   1,   1,   1,   1,   1,   1,   1,   2,   2,   2,   2,   2,   3,   3,   3,   3,   3,   3,   3,   4,   4,   4,   4,   5,   5,   5,   5,   5,   5,   5,   6,   6,   7,   7,   7
  1,   0,   1,   2,   3,   4,   6,   7,   8,   9,   5,   7,   9,  11,  13,  10,  11,  13,  14,  16,  17,  19,  17,  19,  21,  23,  21,  22,  23,  24,  26,  27,  28,  29,  31,  33,  34,  35

  0,   1,   1,   1,   1,   1,   1,   1,   1,   1,   1,   2,   2,   2,   2,   2,   2,   3,   3,   3,   3,   3,   3,   3,   3,   4,   4,   4,   4,   4,   5,   5,   5,   5,   5,   6,   6,   7
  1,   0,   1,   2,   3,   4,   6,   7,   8,   9,  10,   5,   7,   9,  11,  13,  15,  10,  11,  13,  14,  16,  17,  19,  20,  15,  17,  19,  21,  23,  22,  23,  24,  26,  27,  29,  31,  35

  0,   1,   1,   1,   1,   1,   1,   1,   1,   1,   1,   2,   2,   2,   2,   2,   2,   3,   3,   3,   3,   3,   3,   3,   4,   4,   4,   4,   4,   5,   5,   5,   5,   5,   5,   6,   6,   7
  1,   0,   1,   2,   3,   4,   6,   7,   8,   9,  10,   5,   7,   9,  11,  13,  15,  10,  11,  13,  14,  16,  17,  19,  15,  17,  19,  21,  23,  21,  22,  23,  24,  26,  27,  29,  31,  35

  0,   1,   1,   1,   1,   1,   1,   1,   1,   1,   2,   2,   2,   2,   2,   3,   3,   3,   3,   3,   3,   3,   4,   4,   4,   4,   4,   5,   5,   5,   5,   5,   5,   6,   6,   7,   7,   7
  1,   0,   1,   2,   3,   4,   6,   7,   8,   9,   5,   7,   9,  11,  13,  10,  11,  13,  14,  16,  17,  19,  15,  17,  19,  21,  23,  21,  22,  23,  24,  26,  27,  29,  31,  33,  34,  35

  0,   1,   1,   1,   1,   1,   1,   1,   1,   1,   2,   2,   2,   2,   2,   3,   3,   3,   3,   3,   3,   4,   4,   4,   4,   4,   5,   5,   5,   5,   5,   5,   6,   6,   7,   7,   7,   7
  1,   0,   1,   2,   3,   4,   6,   7,   8,   9,   5,   7,   9,  11,  13,  10,  11,  13,  14,  16,  17,  15,  17,  19,  21,  23,  21,  22,  23,  24,  26,  27,  29,  31,  32,  33,  34,  35

  0,   1,   1,   1,   1,   1,   1,   1,   1,   1,   2,   2,   2,   2,   2,   3,   3,   3,   3,   3,   3,   4,   4,   4,   4,   5,   5,   5,   5,   5,   5,   6,   6,   7,   7,   7,   7,   7
  1,   0,   1,   2,   3,   4,   6,   7,   8,   9,   5,   7,   9,  11,  13,  10,  11,  13,  14,  16,  17,  15,  17,  19,  21,  21,  22,  23,  24,  26,  27,  29,  31,  31,  32,  33,  34,  35

  0,   1,   1,   1,   1,   1,   1,   1,   1,   1,   2,   2,   2,   2,   2,   3,   3,   3,   3,   3,   3,   4,   4,   4,   4,   5,   5,   5,   5,   5,   6,   6,   7,   7,   7,   7,   7,   7
  1,   0,   1,   2,   3,   4,   6,   7,   8,   9,   5,   7,   9,  11,  13,  10,  11,  13,  14,  16,  17,  15,  17,  19,  21,  21,  22,  23,  24,  26,  25,  29,  30,  31,  32,  33,  34,  35

  0,   1,   1,   1,   1,   1,   1,   1,   1,   1,   2,   2,   2,   2,   2,   3,   3,   3,   3,   3,   3,   4,   4,   4,   4,   5,   5,   5,   5,   5,   6,   6,   7,   7,   7,   7,   7,   8
  1,   0,   1,   2,   3,   4,   5,   6,   7,   8,   5,   7,   9,  11,  13,  10,  11,  13,  14,  16,  17,  15,  17,  19,  21,  21,  22,  23,  24,  26,  25,  29,  30,  31,  32,  33,  34,  35

  0,   1,   1,   1,   1,   1,   1,   1,   1,   1,   2,   2,   2,   2,   2,   3,   3,   3,   3,   3,   3,   4,   4,   4,   4,   5,   5,   5,   5,   6,   6,   7,   7,   7,   7,   7,   7,   8
  1,   0,   1,   2,   3,   4,   5,   6,   7,   8,   5,   7,   9,  11,  13,  10,  11,  13,  14,  16,  17,  15,  17,  19,  21,  21,  22,  23,  24,  25,  29,  29,  30,  31,  32,  33,  34,  35

  0,   1,   1,   1,   1,   1,   1,   1,   1,   1,   2,   2,   2,   2,   2,   3,   3,   3,   3,   3,   3,   4,   4,   4,   4,   5,   5,   5,   5,   5,   5,   6,   6,   7,   7,   7,   7,   8
  1,   0,   1,   2,   3,   4,   5,   6,   7,   8,   5,   7,   9,  11,  13,  10,  11,  13,  14,  16,  17,  15,  17,  19,  21,  19,  21,  22,  23,  24,  26,  25,  29,  30,  31,  32,  33,  35

  0,   1,   1,   1,   1,   1,   1,   1,   1,   1,   2,   2,   2,   2,   2,   3,   3,   3,   3,   3,   3,   4,   4,   4,   4,   5,   5,   5,   5,   5,   6,   6,   7,   7,   7,   7,   7,   8
  1,   0,   1,   2,   3,   4,   5,   6,   7,   8,   5,   7,   9,  11,  13,  10,  11,  13,  14,  16,  17,  15,  17,  19,  21,  19,  21,  22,  23,  24,  25,  29,  29,  30,  31,  32,  33,  35

  0,   1,   1,   1,   1,   1,   1,   1,   1,   1,   2,   2,   2,   2,   2,   3,   3,   3,   3,   3,   3,   4,   4,   4,   4,   5,   5,   5,   5,   5,   5,   6,   6,   7,   7,   7,   7,   8
  1,   0,   1,   2,   3,   4,   5,   6,   7,   8,   5,   7,   9,  11,  13,  10,  11,  13,  14,  16,  17,  15,  17,  19,  21,  18,  19,  21,  22,  23,  24,  23,  25,  29,  30,  31,  32,  35

  0,   1,   1,   1,   1,   1,   1,   1,   1,   2,   2,   3,   3,   3,   3,   3,   4,   4,   4,   5,   5,   5,   5,   5,   6,   6,   7,   7,   7,   7,   7,   8,   8,   8,   9,   9,   9,  10
  1,   0,   1,   2,   3,   4,   5,   6,   7,   5,   9,   8,  10,  11,  13,  14,  13,  15,  17,  16,  17,  18,  19,  21,  19,  23,  23,  24,  25,  26,  27,  27,  29,  31,  31,  32,  34,  35

  0,   1,   1,   1,   1,   1,   1,   1,   1,   2,   2,   3,   3,   3,   3,   3,   3,   4,   4,   4,   4,   5,   5,   5,   5,   5,   6,   6,   7,   7,   7,   7,   7,   8,   8,   9,   9,  10
  1,   0,   1,   2,   3,   4,   5,   6,   7,   5,   9,   7,   8,  10,  11,  13,  14,  11,  13,  15,  17,  16,  17,  18,  19,  21,  19,  23,  23,  24,  25,  26,  27,  27,  29,  31,  32,  35

  0,   1,   1,   1,   1,   1,   1,   1,   1,   2,   2,   3,   3,   3,   3,   3,   3,   4,   4,   4,   4,   5,   5,   5,   5,   6,   6,   7,   7,   7,   7,   7,   7,   8,   8,   9,   9,  10
  1,   0,   1,   2,   3,   4,   5,   6,   7,   5,   9,   7,   8,  10,  11,  13,  14,  11,  13,  15,  17,  16,  17,  18,  19,  19,  23,  22,  23,  24,  25,  26,  27,  27,  29,  31,  32,  35

  0,   1,   1,   1,   1,   1,   1,   1,   1,   2,   2,   3,   3,   3,   3,   3,   3,   4,   4,   4,   4,   5,   5,   5,   5,   5,   5,   6,   6,   7,   7,   7,   7,   8,   8,   9,   9,  10
  1,   0,   1,   2,   3,   4,   5,   6,   7,   5,   9,   7,   8,  10,  11,  13,  14,  11,  13,  15,  17,  14,  16,  17,  18,  19,  21,  19,  23,  23,  24,  25,  26,  27,  29,  31,  32,  35

  0,   1,   1,   1,   1,   1,   1,   1,   1,   2,   2,   3,   3,   3,   3,   3,   3,   4,   4,   4,   4,   5,   5,   5,   5,   5,   6,   6,   7,   7,   7,   7,   7,   8,   8,   9,   9,  10
  1,   0,   1,   2,   3,   4,   5,   6,   7,   5,   9,   7,   8,  10,  11,  13,  14,  11,  13,  15,  17,  14,  16,  17,  18,  19,  19,  23,  22,  23,  24,  25,  26,  27,  29,  31,  32,  35

  0,   1,   1,   1,   1,   1,   1,   1,   1,   2,   2,   3,   3,   3,   3,   3,   4,   4,   4,   5,   5,   5,   5,   5,   6,   6,   7,   7,   7,   7,   7,   8,   8,   8,   9,   9,   9,  10
  1,   0,   1,   2,   3,   4,   5,   6,   7,   5,   9,   7,   8,  10,  11,  13,  11,  13,  15,  14,  16,  17,  18,  19,  19,  23,  22,  23,  24,  25,  26,  25,  27,  29,  29,  31,  32,  35

  0,   1,   1,   1,   1,   1,   1,   1,   2,   2,   3,   3,   3,   3,   3,   4,   4,   4,   5,   5,   5,   5,   5,   6,   6,   7,   7,   7,   7,   7,   8,   8,   8,   9,   9,   9,  10,  10
  1,   0,   1,   2,   3,   4,   5,   6,   5,   9,   7,   8,  10,  11,  13,  11,  13,  15,  14,  16,  17,  18,  19,  19,  23,  22,  23,  24,  25,  26,  25,  27,  29,  29,  31,  32,  33,  35

  0,   1,   1,   1,   1,   1,   1,   1,   2,   2,   2,   3,   3,   3,   3,   4,   4,   4,   5,   5,   5,   5,   5,   5,   6,   6,   7,   7,   7,   7,   7,   8,   8,   9,   9,  10,  10,  11
  1,   0,   1,   2,   3,   4,   5,   6,   5,   7,   9,   7,   8,  10,  11,  11,  13,  15,  13,  14,  16,  17,  18,  19,  17,  19,  20,  22,  23,  24,  25,  25,  27,  28,  29,  31,  33,  35

  0,   1,   1,   1,   1,   1,   1,   1,   2,   2,   2,   3,   3,   3,   3,   4,   4,   4,   5,   5,   5,   5,   5,   6,   6,   7,   7,   7,   7,   8,   8,   8,   9,   9,  10,  10,  11,  11
  1,   0,   1,   2,   3,   4,   5,   6,   5,   7,   9,   7,   8,  10,  11,  11,  13,  15,  13,  14,  16,  17,  18,  17,  19,  20,  22,  23,  24,  23,  25,  27,  28,  29,  31,  33,  34,  35

  0,   1,   1,   1,   1,   1,   1,   1,   2,   2,   2,   3,   3,   3,   3,   4,   4,   4,   5,   5,   5,   5,   5,   6,   6,   7,   7,   7,   7,   8,   8,   8,   9,   9,   9,  10,  11,  11
  1,   0,   1,   2,   3,   4,   5,   6,   5,   7,   9,   7,   8,  10,  11,  11,  13,  15,  13,  14,  16,  17,  18,  17,  19,  20,  22,  23,  24,  23,  25,  27,  26,  28,  29,  31,  34,  35

  0,   1,   1,   1,   1,   1,   1,   2,   2,   3,   3,   3,   4,   4,   5,   5,   5,   5,   6,   7,   7,   7,   7,   8,   8,   9,   9,   9,  10,  11,  11,  11,  11,  12,  13,  13,  13,  14
  1,   0,   1,   2,   3,   4,   5,   3,   7,   7,   8,  10,   9,  11,  11,  12,  13,  14,  17,  17,  18,  19,  20,  19,  21,  22,  23,  25,  27,  27,  28,  29,  30,  31,  33,  34,  35,  35

  0,   1,   1,   1,   1,   1,   1,   2,   2,   3,   3,   3,   4,   4,   5,   5,   5,   5,   6,   7,   7,   7,   7,   7,   8,   8,   9,   9,   9,  10,  11,  11,  11,  11,  12,  13,  13,  14
  1,   0,   1,   2,   3,   4,   5,   3,   7,   7,   8,  10,   9,  11,  11,  12,  13,  14,  17,  16,  17,  18,  19,  20,  19,  21,  22,  23,  25,  27,  27,  28,  29,  30,  31,  33,  34,  35

  0,   1,   1,   1,   1,   1,   1,   2,   2,   3,   3,   3,   4,   4,   5,   5,   5,   5,   6,   6,   7,   7,   7,   7,   7,   8,   8,   9,   9,   9,  10,  11,  11,  11,  12,  13,  13,  14
  1,   0,   1,   2,   3,   4,   5,   3,   7,   7,   8,  10,   9,  11,  11,  12,  13,  14,  13,  17,  16,  17,  18,  19,  20,  19,  21,  22,  23,  25,  27,  27,  28,  29,  31,  33,  34,  35

  0,   1,   1,   1,   1,   1,   1,   2,   2,   3,   3,   3,   4,   4,   5,   5,   5,   5,   6,   6,   7,   7,   7,   7,   8,   8,   9,   9,  10,  11,  11,  11,  12,  12,  13,  13,  13,  14
  1,   0,   1,   2,   3,   4,   5,   3,   7,   7,   8,  10,   9,  11,  11,  12,  13,  14,  13,  17,  16,  17,  18,  19,  19,  21,  22,  23,  27,  27,  28,  29,  29,  31,  32,  33,  34,  35

  0,   1,   1,   1,   1,   1,   1,   2,   2,   3,   3,   3,   3,   4,   4,   5,   5,   5,   5,   6,   7,   7,   7,   7,   7,   8,   8,   9,   9,   9,  10,  11,  11,  11,  11,  12,  13,  14
  1,   0,   1,   2,   3,   4,   5,   3,   7,   5,   7,   8,  10,   9,  11,  11,  12,  13,  14,  17,  16,  17,  18,  19,  20,  19,  21,  22,  23,  25,  27,  27,  28,  29,  30,  31,  33,  35

  0,   1,   1,   1,   1,   1,   1,   2,   2,   3,   3,   3,   3,   4,   4,   5,   5,   5,   5,   6,   6,   7,   7,   7,   7,   7,   8,   8,   9,   9,   9,  10,  11,  11,  11,  12,  13,  14
  1,   0,   1,   2,   3,   4,   5,   3,   7,   5,   7,   8,  10,   9,  11,  11,  12,  13,  14,  13,  17,  16,  17,  18,  19,  20,  19,  21,  22,  23,  25,  27,  27,  28,  29,  31,  33,  35

  0,   1,   1,   1,   1,   1,   1,   2,   2,   3,   3,   3,   3,   4,   4,   5,   5,   5,   5,   6,   6,   7,   7,   7,   7,   8,   8,   9,   9,  10,  11,  11,  11,  12,  12,  13,  13,  14
  1,   0,   1,   2,   3,   4,   5,   3,   7,   5,   7,   8,  10,   9,  11,  11,  12,  13,  14,  13,  17,  16,  17,  18,  19,  19,  21,  22,  23,  27,  27,  28,  29,  29,  31,  32,  33,  35

  0,   1,   1,   1,   1,   1,   1,   2,   2,   3,   3,   3,   3,   4,   4,   5,   5,   5,   5,   6,   6,   7,   7,   7,   7,   8,   8,   9,   9,  11,  11,  11,  11,  12,  12,  13,  13,  14
  1,   0,   1,   2,   3,   4,   5,   3,   7,   5,   7,   8,  10,   9,  11,  11,  12,  13,  14,  13,  17,  16,  17,  18,  19,  19,  21,  22,  23,  26,  27,  28,  29,  29,  31,  32,  33,  35

  0,   1,   1,   1,   1,   1,   1,   2,   2,   3,   3,   3,   3,   4,   4,   5,   5,   5,   5,   6,   6,   7,   7,   7,   7,   8,   8,   9,   9,  10,  11,  11,  11,  12,  12,  13,  13,  14
  1,   0,   1,   2,   3,   4,   5,   3,   7,   5,   7,   8,  10,   9,  11,  11,  12,  13,  14,  13,  17,  16,  17,  18,  19,  19,  21,  22,  23,  23,  26,  27,  28,  29,  31,  32,  33,  35

  0,   1,   1,   1,   1,   1,   1,   2,   2,   3,   3,   3,   4,   4,   5,   5,   5,   5,   6,   6,   7,   7,   7,   7,   8,   8,   9,   9,  10,  11,  11,  11,  12,  12,  13,  13,  13,  14
  1,   0,   1,   2,   3,   4,   5,   3,   7,   5,   7,   8,   9,  11,  11,  12,  13,  14,  13,  17,  16,  17,  18,  19,  19,  21,  22,  23,  23,  26,  27,  28,  29,  31,  31,  32,  33,  35

  0,   1,   1,   1,   1,   1,   1,   2,   2,   3,   3,   3,   3,   4,   4,   5,   5,   5,   5,   6,   6,   7,   7,   7,   7,   7,   8,   8,   9,   9,   9,  10,  11,  11,  11,  12,  13,  14
  1,   0,   1,   2,   3,   4,   5,   3,   7,   5,   7,   8,  10,   9,  11,  11,  12,  13,  14,  13,  17,  15,  16,  17,  18,  19,  19,  21,  20,  22,  23,  23,  26,  27,  28,  29,  32,  35

  0,   1,   1,   1,   1,   1,   1,   2,   2,   3,   3,   3,   4,   4,   5,   5,   5,   5,   6,   6,   7,   7,   7,   7,   7,   8,   8,   9,   9,   9,  10,  11,  11,  11,  12,  13,  13,  14
  1,   0,   1,   2,   3,   4,   5,   3,   7,   5,   7,   8,   9,  11,  11,  12,  13,  14,  13,  17,  15,  16,  17,  18,  19,  19,  21,  20,  22,  23,  23,  26,  27,  28,  29,  31,  32,  35

  0,   1,   1,   1,   1,   1,   1,   2,   2,   3,   3,   3,   3,   4,   4,   5,   5,   5,   5,   6,   7,   7,   7,   7,   7,   8,   8,   9,   9,   9,  10,  11,  11,  11,  11,  12,  13,  14
  1,   0,   1,   2,   3,   4,   5,   3,   7,   5,   7,   8,  10,   9,  11,  11,  12,  13,  14,  13,  15,  16,  17,  18,  19,  19,  21,  20,  22,  23,  23,  25,  26,  27,  28,  29,  32,  35

  0,   1,   1,   1,   1,   1,   1,   2,   2,   3,   3,   3,   4,   4,   5,   5,   5,   5,   6,   7,   7,   7,   7,   7,   8,   8,   9,   9,   9,  10,  11,  11,  11,  11,  12,  13,  13,  14
  1,   0,   1,   2,   3,   4,   5,   3,   7,   5,   7,   8,   9,  11,  11,  12,  13,  14,  13,  15,  16,  17,  18,  19,  19,  21,  20,  22,  23,  23,  25,  26,  27,  28,  29,  31,  32,  35

  0,   1,   1,   1,   1,   1,   2,   2,   3,   3,   3,   4,   4,   5,   5,   5,   5,   6,   7,   7,   7,   7,   7,   8,   8,   9,   9,   9,  10,  11,  11,  11,  11,  12,  13,  13,  14,  14
  1,   0,   1,   2,   3,   4,   3,   7,   5,   7,   8,   9,  11,  11,  12,  13,  14,  13,  15,  16,  17,  18,  19,  19,  21,  20,  22,  23,  23,  25,  26,  27,  28,  29,  31,  32,  33,  35

  0,   1,   1,   1,   1,   1,   1,   2,   2,   3,   3,   3,   4,   4,   5,   5,   5,   5,   6,   7,   7,   7,   7,   8,   8,   9,   9,   9,  10,  11,  11,  11,  11,  12,  13,  13,  13,  14
  1,   0,   1,   2,   3,   4,   5,   3,   7,   5,   7,   8,   9,  11,  11,  12,  13,  14,  13,  15,  16,  17,  18,  19,  21,  20,  22,  23,  23,  25,  26,  27,  28,  29,  30,  31,  32,  35

  0,   1,   1,   1,   1,   1,   2,   2,   3,   3,   3,   4,   4,   5,   5,   5,   5,   6,   7,   7,   7,   7,   8,   8,   9,   9,   9,  10,  11,  11,  11,  11,  12,  13,  13,  13,  14,  14
  1,   0,   1,   2,   3,   4,   3,   7,   5,   7,   8,   9,  11,  11,  12,  13,  14,  13,  15,  16,  17,  18,  19,  21,  20,  22,  23,  23,  25,  26,  27,  28,  29,  30,  31,  32,  33,  35

  0,   1,   1,   1,   1,   1,   2,   2,   2,   3,   3,   4,   4,   5,   5,   5,   5,   6,   7,   7,   7,   7,   8,   8,   9,   9,   9,  10,  11,  11,  11,  11,  12,  13,  13,  13,  14,  15
  1,   0,   1,   2,   3,   4,   3,   5,   7,   5,   8,   9,  11,  11,  12,  13,  14,  13,  15,  16,  17,  18,  19,  21,  20,  22,  23,  23,  25,  26,  27,  28,  29,  30,  31,  32,  33,  35

  0,   1,   1,   1,   1,   1,   2,   2,   2,   3,   3,   4,   4,   5,   5,   5,   5,   6,   7,   7,   7,   7,   8,   8,   8,   9,   9,   9,  10,  11,  11,  11,  12,  13,  13,  13,  14,  15
  1,   0,   1,   2,   3,   4,   3,   5,   7,   5,   8,   9,  11,  11,  12,  13,  14,  13,  15,  16,  17,  18,  17,  19,  21,  20,  22,  23,  23,  25,  26,  27,  29,  30,  31,  32,  33,  35

  0,   1,   1,   1,   1,   1,   2,   2,   2,   3,   3,   4,   4,   4,   5,   5,   5,   5,   6,   7,   7,   7,   7,   8,   8,   9,   9,   9,  10,  11,  11,  11,  11,  12,  13,  13,  14,  15
  1,   0,   1,   2,   3,   4,   3,   5,   7,   5,   8,   7,   9,  11,  11,  12,  13,  14,  13,  15,  16,  17,  18,  19,  21,  20,  22,  23,  23,  25,  26,  27,  28,  29,  30,  31,  33,  35

  0,   1,   1,   1,   1,   1,   2,   2,   2,   3,   3,   4,   4,   4,   5,   5,   5,   5,   6,   7,   7,   7,   7,   8,   8,   8,   9,   9,   9,  10,  11,  11,  11,  12,  13,  13,  14,  15
  1,   0,   1,   2,   3,   4,   3,   5,   7,   5,   8,   7,   9,  11,  11,  12,  13,  14,  13,  15,  16,  17,  18,  17,  19,  21,  20,  22,  23,  23,  25,  26,  27,  29,  30,  31,  33,  35

  0,   1,   1,   1,   1,   1,   2,   2,   2,   3,   3,   4,   4,   4,   5,   5,   5,   5,   6,   7,   7,   7,   7,   8,   8,   9,   9,   9,  10,  11,  11,  11,  11,  12,  13,  13,  14,  15
  1,   0,   1,   2,   3,   4,   3,   5,   7,   5,   8,   7,   9,  11,  11,  12,  13,  14,  13,  15,  16,  17,  18,  17,  19,  19,  20,  22,  23,  24,  25,  26,  27,  29,  30,  31,  33,  35

  0,   1,   1,   1,   1,   1,   2,   2,   2,   3,   3,   4,   4,   4,   5,   5,   5,   6,   7,   7,   7,   7,   8,   8,   9,   9,   9,  10,  11,  11,  11,  11,  12,  13,  13,  13,  14,  15
  1,   0,   1,   2,   3,   4,   3,   5,   7,   5,   8,   7,   9,  11,  11,  12,  13,  13,  15,  16,  17,  18,  17,  19,  19,  20,  22,  23,  24,  25,  26,  27,  29,  29,  30,  31,  33,  35

  0,   1,   1,   1,   1,   1,   2,   2,   3,   3,   4,   4,   4,   5,   5,   5,   6,   7,   7,   7,   7,   8,   8,   9,   9,   9,  10,  11,  11,  11,  11,  12,  13,  13,  13,  14,  15,  15
  1,   0,   1,   2,   3,   4,   3,   5,   5,   8,   7,   9,  11,  11,  12,  13,  13,  15,  16,  17,  18,  17,  19,  19,  20,  22,  23,  24,  25,  26,  27,  29,  29,  30,  31,  33,  34,  35

  0,   1,   1,   1,   1,   1,   2,   2,   3,   3,   4,   4,   4,   5,   5,   5,   6,   7,   7,   7,   7,   8,   8,   9,   9,   9,  10,  11,  11,  11,  12,  13,  13,  13,  14,  14,  15,  15
  1,   0,   1,   2,   3,   4,   3,   5,   5,   8,   7,   9,  11,  11,  12,  13,  13,  15,  16,  17,  18,  17,  19,  19,  20,  22,  23,  24,  25,  26,  29,  29,  30,  31,  31,  33,  34,  35

  0,   1,   1,   1,   1,   1,   1,   1,   1,   1,   1,   1,   1,   2,   2,   2,   2,   2,   2,   3,   3,   3,   3,   3,   3,   3,   4,   4,   4,   4,   4,   5,   5,   5,   5,   5,   5,   5
  7,  -7,  -6,  -5,  -4,  -3,  -2,  -1,   1,   2,   3,   4,   5,  -7,  -5,  -3,  -1,   1,   3,  -7,  -5,  -4,  -2,  -1,   1,   2,  -7,  -5,  -3,  -1,   1,  -7,  -6,  -4,  -3,  -2,  -1,   0

  0,   1,   1,   1,   1,   1,   1,   1,   1,   1,   1,   1,   1,   2,   2,   2,   2,   2,   2,   3,   3,   3,   3,   3,   3,   3,   4,   4,   4,   4,   4,   5,   5,   5,   5,   5,   5,   5
  7,  -5,  -4,  -3,  -2,  -1,   1,   2,   3,   4,   5,   6,   7,  -3,  -1,   1,   3,   5,   7,  -2,  -1,   1,   2,   4,   5,   7,  -1,   1,   3,   5,   7,   0,   1,   2,   3,   4,   6,   7

  0,   1,   1,   1,   1,   1,   1,   1,   1,   1,   1,   1,   1,   1,   2,   2,   2,   2,   2,   2,   2,   3,   3,   3,   3,   3,   3,   3,   4,   4,   4,   4,   4,   5,   5,   5,   5,   5
  7,  -6,  -5,  -4,  -3,  -2,  -1,   1,   2,   3,   4,   5,   6,   7,  -5,  -3,  -1,   1,   3,   5,   7,  -2,  -1,   1,   2,   4,   5,   7,  -1,   1,   3,   5,   7,   0,   1,   2,   3,   4

  0,   1,   1,   1,   1,   1,   1,   1,   1,   1,   1,   1,   1,   1,   2,   2,   2,   2,   2,   2,   2,   3,   3,   3,   3,   3,   3,   3,   3,   4,   4,   4,   4,   5,   5,   5,   5,   5
  7,  -6,  -5,  -4,  -3,  -2,  -1,   1,   2,   3,   4,   5,   6,   7,  -5,  -3,  -1,   1,   3,   5,   7,  -4,  -2,  -1,   1,   2,   4,   5,   7,  -1,   1,   3,   5,   0,   1,   2,   3,   4

  0,   1,   1,   1,   1,   1,   1,   1,   1,   1,   1,   1,   1,   2,   2,   2,   2,   2,   2,   3,   3,   3,   3,   3,   3,   3,   4,   4,   4,   4,   5,   5,   5,   5,   5,   5,   5,   5
  7,  -6,  -5,  -4,  -3,  -2,  -1,   1,   2,   3,   4,   5,   6,  -5,  -3,  -1,   1,   3,   5,  -4,  -2,  -1,   1,   2,   4,   5,  -3,  -1,   1,   3,  -3,  -2,  -1,   0,   1,   2,   3,   4

  0,   1,   1,   1,   1,   1,   1,   1,   1,   1,   1,   1,   1,   1,   2,   2,   2,   2,   2,   2,   2,   3,   3,   3,   3,   3,   3,   3,   4,   4,   4,   4,   4,   5,   5,   5,   5,   5
  7,  -6,  -5,  -4,  -3,  -2,  -1,   1,   2,   3,   4,   5,   6,   7,  -5,  -3,  -1,   1,   3,   5,   7,  -4,  -2,  -1,   1,   2,   4,   5,  -3,  -1,   1,   3,   5,   0,   1,   2,   3,   4

  0,   1,   1,   1,   1,   1,   1,   1,   1,   1,   1,   1,   1,   2,   2,   2,   2,   2,   2,   3,   3,   3,   3,   3,   3,   3,   4,   4,   4,   4,   4,   5,   5,   5,   5,   5,   5,   5
  7,  -6,  -5,  -4,  -3,  -2,  -1,   1,   2,   3,   4,   5,   6,  -5,  -3,  -1,   1,   3,   5,  -4,  -2,  -1,   1,   2,   4,   5,  -3,  -1,   1,   3,   5,  -2,  -1,   0,   1,   2,   3,   4

  0,   1,   1,   1,   1,   1,   1,   1,   1,   1,   1,   1,   1,   2,   2,   2,   2,   2,   2,   3,   3,   3,   3,   3,   3,   3,   3,   4,   4,   4,   4,   5,   5,   5,   5,   5,   5,   5
  7,  -6,  -5,  -4,  -3,  -2,  -1,   1,   2,   3,   4,   5,   6,  -5,  -3,  -1,   1,   3,   5,  -5,  -4,  -2,  -1,   1,   2,   4,   5,  -3,  -1,   1,   3,  -3,  -2,  -1,   0,   1,   2,   3

  0,   1,   1,   1,   1,   1,   1,   1,   1,   1,   1,   1,   1,   1,   2,   2,   2,   2,   2,   2,   2,   3,   3,   3,   3,   3,   3,   3,   3,   4,   4,   4,   4,   4,   5,   5,   5,   5
  7,  -6,  -5,  -4,  -3,  -2,  -1,   1,   2,   3,   4,   5,   6,   7,  -5,  -3,  -1,   1,   3,   5,   7,  -5,  -4,  -2,  -1,   1,   2,   4,   5,  -3,  -1,   1,   3,   5,   0,   1,   2,   3

  0,   1,   1,   1,   1,   1,   1,   1,   1,   1,   1,   1,   1,   2,   2,   2,   2,   2,   2,   3,   3,   3,   3,   3,   3,   3,   3,   4,   4,   4,   4,   4,   5,   5,   5,   5,   5,   5
  7,  -6,  -5,  -4,  -3,  -2,  -1,   1,   2,   3,   4,   5,   6,  -5,  -3,  -1,   1,   3,   5,  -5,  -4,  -2,  -1,   1,   2,   4,   5,  -3,  -1,   1,   3,   5,  -2,  -1,   0,   1,   2,   3

  0,   1,   1,   1,   1,   1,   1,   1,   1,   1,   1,   1,   1,   2,   2,   2,   2,   2,   2,   3,   3,   3,   3,   3,   3,   3,   3,   4,   4,   4,   4,   4,   5,   5,   5,   5,   5,   5
  7,  -6,  -5,  -4,  -3,  -2,  -1,   1,   2,   3,   4,   5,   6,  -5,  -3,  -1,   1,   3,   5,  -5,  -4,  -2,  -1,   1,   2,   4,   5,  -5,  -3,  -1,   1,   3,  -3,  -2,  -1,   0,   1,   2

  0,   1,   1,   1,   1,   1,   1,   1,   1,   1,   1,   1,   1,   1,   2,   2,   2,   2,   2,   2,   2,   3,   3,   3,   3,   3,   3,   3,   3,   4,   4,   4,   4,   4,   5,   5,   5,   5
  7,  -7,  -6,  -5,  -4,  -3,  -2,  -1,   1,   2,   3,   4,   5,   6,  -7,  -5,  -3,  -1,   1,   3,   5,  -5,  -4,  -2,  -1,   1,   2,   4,   5,  -5,  -3,  -1,   1,   3,  -3,  -2,  -1,   0

  0,   1,   1,   1,   1,   1,   1,   1,   1,   1,   1,   1,   1,   2,   2,   2,   2,   2,   2,   3,   3,   3,   3,   3,   3,   3,   4,   4,   4,   4,   5,   5,   5,   5,   5,   5,   5,   5
  7,  -6,  -5,  -4,  -3,  -2,  -1,   1,   2,   3,   4,   5,   6,  -5,  -3,  -1,   1,   3,   5,  -5,  -4,  -2,  -1,   1,   2,   4,  -3,  -1,   1,   3,  -4,  -3,  -2,  -1,   0,   1,   2,   3

  0,   1,   1,   1,   1,   1,   1,   1,   1,   1,   1,   1,   1,   2,   2,   2,   2,   2,   2,   3,   3,   3,   3,   3,   3,   3,   4,   4,   4,   4,   4,   5,   5,   5,   5,   5,   5,   5
  7,  -6,  -5,  -4,  -3,  -2,  -1,   1,   2,   3,   4,   5,   6,  -5,  -3,  -1,   1,   3,   5,  -5,  -4,  -2,  -1,   1,   2,   4,  -5,  -3,  -1,   1,   3,  -4,  -3,  -2,  -1,   0,   1,   2

  0,   1,   1,   1,   1,   1,   1,   1,   1,   1,   1,   1,   1,   1,   2,   2,   2,   2,   2,   2,   2,   3,   3,   3,   3,   3,   3,   3,   4,   4,   4,   4,   4,   5,   5,   5,   5,   5
  7,  -7,  -6,  -5,  -4,  -3,  -2,  -1,   1,   2,   3,   4,   5,   6,  -7,  -5,  -3,  -1,   1,   3,   5,  -7,  -5,  -4,  -2,  -1,   1,   2,  -7,  -5,  -3,  -1,   1,  -4,  -3,  -2,  -1,   0

  0,   1,   1,   1,   1,   1,   1,   1,   1,   1,   1,   1,   1,   1,   2,   2,   2,   2,   2,   2,   2,   3,   3,   3,   3,   3,   3,   3,   3,   4,   4,   4,   4,   5,   5,   5,   5,   5
  7,  -7,  -6,  -5,  -4,  -3,  -2,  -1,   1,   2,   3,   4,   5,   6,  -7,  -5,  -3,  -1,   1,   3,   5,  -7,  -5,  -4,  -2,  -1,   1,   2,   4,  -5,  -3,  -1,   1,  -4,  -3,  -2,  -1,   0

  0,   1,   1,   1,   1,   1,   1,   1,   1,   1,   1,   1,   1,   1,   2,   2,   2,   2,   2,   2,   2,   3,   3,   3,   3,   3,   3,   3,   4,   4,   4,   4,   4,   5,   5,   5,   5,   5
  7,  -7,  -6,  -5,  -4,  -3,  -2,  -1,   1,   2,   3,   4,   5,   6,  -7,  -5,  -3,  -1,   1,   3,   5,  -5,  -4,  -2,  -1,   1,   2,   4,  -5,  -3,  -1,   1,   3,  -4,  -3,  -2,  -1,   0

