  0,   1,   1,   1,   1,   1,   1,   1,   1,   1,   1,   1,   1,   1,   1,   1,   1,   1,   1,   1,   1,   1,   1,   1,   1,   1,   1,   1,   1,   1,   1,   1
 30, -30, -29, -28, -27, -26, -25, -24, -23, -22, -21, -20, -19, -18, -17, -16, -15, -14, -13, -12, -11, -10,  -9,  -8,  -7,  -6,  -5,  -4,  -3,  -2,  -1,   0

  0,   1,   1,   1,   1,   1,   1,   1,   1,   1,   1,   1,   1,   1,   1,   1,   1,   1,   1,   1,   1,   1,   1,   1,   1,   1,   1,   1,   1,   1,   1,   1
 30,   0,   1,   2,   3,   4,   5,   6,   7,   8,   9,  10,  11,  12,  13,  14,  15,  16,  17,  18,  19,  20,  21,  22,  23,  24,  25,  26,  27,  28,  29,  30

  0,   1,   1,   1,   1,   1,   1,   1,   1,   1,   1,   1,   1,   1,   1,   1,   1,   1,   1,   1,   1,   1,   1,   1,   1,   1,   1,   1,   1,   1,   1,   1
 30, -29, -28, -27, -26, -25, -24, -23, -22, -21, -20, -19, -18, -17, -16, -15, -14, -13, -12, -11, -10,  -9,  -8,  -7,  -6,  -5,  -4,  -3,  -2,  -1,   0,   1

  0,   1,   1,   1,   1,   1,   1,   1,   1,   1,   1,   1,   1,   1,   1,   1,   1,   1,   1,   1,   1,   1,   1,   1,   1,   1,   1,   1,   1,   1,   1,   1
 30, -28, -27, -26, -25, -24, -23, -22, -21, -20, -19, -18, -17, -16, -15, -14, -13, -12, -11, -10,  -9,  -8,  -7,  -6,  -5,  -4,  -3,  -2,  -1,   0,   1,   2

  0,   1,   1,   1,   1,   1,   1,   1,   1,   1,   1,   1,   1,   1,   1,   1,   1,   1,   1,   1,   1,   1,   1,   1,   1,   1,   1,   1,   1,   1,   1,   1
 30, -27, -26, -25, -24, -23, -22, -21, -20, -19, -18, -17, -16, -15, -14, -13, -12, -11, -10,  -9,  -8,  -7,  -6,  -5,  -4,  -3,  -2,  -1,   0,   1,   2,   3

  0,   1,   1,   1,   1,   1,   1,   1,   1,   1,   1,   1,   1,   1,   1,   1,   1,   1,   1,   1,   1,   1,   1,   1,   1,   1,   1,   1,   1,   1,   1,   1
 30, -26, -25, -24, -23, -22, -21, -20, -19, -18, -17, -16, -15, -14, -13, -12, -11, -10,  -9,  -8,  -7,  -6,  -5,  -4,  -3,  -2,  -1,   0,   1,   2,   3,   4

  0,   1,   1,   1,   1,   1,   1,   1,   1,   1,   1,   1,   1,   1,   1,   1,   1,   1,   1,   1,   1,   1,   1,   1,   1,   1,   1,   1,   1,   1,   1,   1
 30, -25, -24, -23, -22, -21, -20, -19, -18, -17, -16, -15, -14, -13, -12, -11, -10,  -9,  -8,  -7,  -6,  -5,  -4,  -3,  -2,  -1,   0,   1,   2,   3,   4,   5

  0,   1,   1,   1,   1,   1,   1,   1,   1,   1,   1,   1,   1,   1,   1,   1,   1,   1,   1,   1,   1,   1,   1,   1,   1,   1,   1,   1,   1,   1,   1,   1
 30, -24, -23, -22, -21, -20, -19, -18, -17, -16, -15, -14, -13, -12, -11, -10,  -9,  -8,  -7,  -6,  -5,  -4,  -3,  -2,  -1,   0,   1,   2,   3,   4,   5,   6

  0,   1,   1,   1,   1,   1,   1,   1,   1,   1,   1,   1,   1,   1,   1,   1,   1,   1,   1,   1,   1,   1,   1,   1,   1,   1,   1,   1,   1,   1,   1,   1
 30, -23, -22, -21, -20, -19, -18, -17, -16, -15, -14, -13, -12, -11, -10,  -9,  -8,  -7,  -6,  -5,  -4,  -3,  -2,  -1,   0,   1,   2,   3,   4,   5,   6,   7

  0,   1,   1,   1,   1,   1,   1,   1,   1,   1,   1,   1,   1,   1,   1,   1,   1,   1,   1,   1,   1,   1,   1,   1,   1,   1,   1,   1,   1,   1,   1,   1
 30, -22, -21, -20, -19, -18, -17, -16, -15, -14, -13, -12, -11, -10,  -9,  -8,  -7,  -6,  -5,  -4,  -3,  -2,  -1,   0,   1,   2,   3,   4,   5,   6,   7,   8

  0,   1,   1,   1,   1,   1,   1,   1,   1,   1,   1,   1,   1,   1,   1,   1,   1,   1,   1,   1,   1,   1,   1,   1,   1,   1,   1,   1,   1,   1,   1,   1
 30, -21, -20, -19, -18, -17, -16, -15, -14, -13, -12, -11, -10,  -9,  -8,  -7,  -6,  -5,  -4,  -3,  -2,  -1,   0,   1,   2,   3,   4,   5,   6,   7,   8,   9

  0,   1,   1,   1,   1,   1,   1,   1,   1,   1,   1,   1,   1,   1,   1,   1,   1,   1,   1,   1,   1,   1,   1,   1,   1,   1,   1,   1,   1,   1,   1,   1
 30, -20, -19, -18, -17, -16, -15, -14, -13, -12, -11, -10,  -9,  -8,  -7,  -6,  -5,  -4,  -3,  -2,  -1,   0,   1,   2,   3,   4,   5,   6,   7,   8,   9,  10

  0,   1,   1,   1,   1,   1,   1,   1,   1,   1,   1,   1,   1,   1,   1,   1,   1,   1,   1,   1,   1,   1,   1,   1,   1,   1,   1,   1,   1,   1,   1,   1
 30, -19, -18, -17, -16, -15, -14, -13, -12, -11, -10,  -9,  -8,  -7,  -6,  -5,  -4,  -3,  -2,  -1,   0,   1,   2,   3,   4,   5,   6,   7,   8,   9,  10,  11

  0,   1,   1,   1,   1,   1,   1,   1,   1,   1,   1,   1,   1,   1,   1,   1,   1,   1,   1,   1,   1,   1,   1,   1,   1,   1,   1,   1,   1,   1,   1,   1
 30, -18, -17, -16, -15, -14, -13, -12, -11, -10,  -9,  -8,  -7,  -6,  -5,  -4,  -3,  -2,  -1,   0,   1,   2,   3,   4,   5,   6,   7,   8,   9,  10,  11,  12

  0,   1,   1,   1,   1,   1,   1,   1,   1,   1,   1,   1,   1,   1,   1,   1,   1,   1,   1,   1,   1,   1,   1,   1,   1,   1,   1,   1,   1,   1,   1,   1
 30, -17, -16, -15, -14, -13, -12, -11, -10,  -9,  -8,  -7,  -6,  -5,  -4,  -3,  -2,  -1,   0,   1,   2,   3,   4,   5,   6,   7,   8,   9,  10,  11,  12,  13

  0,   1,   1,   1,   1,   1,   1,   1,   1,   1,   1,   1,   1,   1,   1,   1,   1,   1,   1,   1,   1,   1,   1,   1,   1,   1,   1,   1,   1,   1,   1,   1
 30, -16, -15, -14, -13, -12, -11, -10,  -9,  -8,  -7,  -6,  -5,  -4,  -3,  -2,  -1,   0,   1,   2,   3,   4,   5,   6,   7,   8,   9,  10,  11,  12,  13,  14

  0,   1,   1,   1,   1,   1,   1,   1,   1,   1,   1,   1,   1,   1,   1,   1,   1,   1,   1,   1,   1,   1,   1,   1,   1,   1,   1,   1,   1,   1,   1,   1
 30, -15, -14, -13, -12, -11, -10,  -9,  -8,  -7,  -6,  -5,  -4,  -3,  -2,  -1,   0,   1,   2,   3,   4,   5,   6,   7,   8,   9,  10,  11,  12,  13,  14,  15

  0,   1,   1,   1,   1,   1,   1,   1,   1,   1,   1,   1,   1,   1,   1,   1,   1,   1,   1,   1,   1,   1,   1,   1,   1,   1,   1,   1,   1,   1,   1,   1
 30, -14, -13, -12, -11, -10,  -9,  -8,  -7,  -6,  -5,  -4,  -3,  -2,  -1,   0,   1,   2,   3,   4,   5,   6,   7,   8,   9,  10,  11,  12,  13,  14,  15,  16

  0,   1,   1,   1,   1,   1,   1,   1,   1,   1,   1,   1,   1,   1,   1,   1,   1,   1,   1,   1,   1,   1,   1,   1,   1,   1,   1,   1,   1,   1,   1,   1
 30, -13, -12, -11, -10,  -9,  -8,  -7,  -6,  -5,  -4,  -3,  -2,  -1,   0,   1,   2,   3,   4,   5,   6,   7,   8,   9,  10,  11,  12,  13,  14,  15,  16,  17

  0,   1,   1,   1,   1,   1,   1,   1,   1,   1,   1,   1,   1,   1,   1,   1,   1,   1,   1,   1,   1,   1,   1,   1,   1,   1,   1,   1,   1,   1,   1,   1
 30, -12, -11, -10,  -9,  -8,  -7,  -6,  -5,  -4,  -3,  -2,  -1,   0,   1,   2,   3,   4,   5,   6,   7,   8,   9,  10,  11,  12,  13,  14,  15,  16,  17,  18

  0,   1,   1,   1,   1,   1,   1,   1,   1,   1,   1,   1,   1,   1,   1,   1,   1,   1,   1,   1,   1,   1,   1,   1,   1,   1,   1,   1,   1,   1,   1,   1
 30, -11, -10,  -9,  -8,  -7,  -6,  -5,  -4,  -3,  -2,  -1,   0,   1,   2,   3,   4,   5,   6,   7,   8,   9,  10,  11,  12,  13,  14,  15,  16,  17,  18,  19

  0,   1,   1,   1,   1,   1,   1,   1,   1,   1,   1,   1,   1,   1,   1,   1,   1,   1,   1,   1,   1,   1,   1,   1,   1,   1,   1,   1,   1,   1,   1,   1
 30, -10,  -9,  -8,  -7,  -6,  -5,  -4,  -3,  -2,  -1,   0,   1,   2,   3,   4,   5,   6,   7,   8,   9,  10,  11,  12,  13,  14,  15,  16,  17,  18,  19,  20

  0,   1,   1,   1,   1,   1,   1,   1,   1,   1,   1,   1,   1,   1,   1,   1,   1,   1,   1,   1,   1,   1,   1,   1,   1,   1,   1,   1,   1,   1,   1,   1
 30,  -9,  -8,  -7,  -6,  -5,  -4,  -3,  -2,  -1,   0,   1,   2,   3,   4,   5,   6,   7,   8,   9,  10,  11,  12,  13,  14,  15,  16,  17,  18,  19,  20,  21

  0,   1,   1,   1,   1,   1,   1,   1,   1,   1,   1,   1,   1,   1,   1,   1,   1,   1,   1,   1,   1,   1,   1,   1,   1,   1,   1,   1,   1,   1,   1,   1
 30,  -8,  -7,  -6,  -5,  -4,  -3,  -2,  -1,   0,   1,   2,   3,   4,   5,   6,   7,   8,   9,  10,  11,  12,  13,  14,  15,  16,  17,  18,  19,  20,  21,  22

  0,   1,   1,   1,   1,   1,   1,   1,   1,   1,   1,   1,   1,   1,   1,   1,   1,   1,   1,   1,   1,   1,   1,   1,   1,   1,   1,   1,   1,   1,   1,   1
 30,  -7,  -6,  -5,  -4,  -3,  -2,  -1,   0,   1,   2,   3,   4,   5,   6,   7,   8,   9,  10,  11,  12,  13,  14,  15,  16,  17,  18,  19,  20,  21,  22,  23

  0,   1,   1,   1,   1,   1,   1,   1,   1,   1,   1,   1,   1,   1,   1,   1,   1,   1,   1,   1,   1,   1,   1,   1,   1,   1,   1,   1,   1,   1,   1,   1
 30,  -6,  -5,  -4,  -3,  -2,  -1,   0,   1,   2,   3,   4,   5,   6,   7,   8,   9,  10,  11,  12,  13,  14,  15,  16,  17,  18,  19,  20,  21,  22,  23,  24

  0,   1,   1,   1,   1,   1,   1,   1,   1,   1,   1,   1,   1,   1,   1,   1,   1,   1,   1,   1,   1,   1,   1,   1,   1,   1,   1,   1,   1,   1,   1,   1
 30,  -5,  -4,  -3,  -2,  -1,   0,   1,   2,   3,   4,   5,   6,   7,   8,   9,  10,  11,  12,  13,  14,  15,  16,  17,  18,  19,  20,  21,  22,  23,  24,  25

  0,   1,   1,   1,   1,   1,   1,   1,   1,   1,   1,   1,   1,   1,   1,   1,   1,   1,   1,   1,   1,   1,   1,   1,   1,   1,   1,   1,   1,   1,   1,   1
 30,  -4,  -3,  -2,  -1,   0,   1,   2,   3,   4,   5,   6,   7,   8,   9,  10,  11,  12,  13,  14,  15,  16,  17,  18,  19,  20,  21,  22,  23,  24,  25,  26

  0,   1,   1,   1,   1,   1,   1,   1,   1,   1,   1,   1,   1,   1,   1,   1,   1,   1,   1,   1,   1,   1,   1,   1,   1,   1,   1,   1,   1,   1,   1,   1
 30,  -3,  -2,  -1,   0,   1,   2,   3,   4,   5,   6,   7,   8,   9,  10,  11,  12,  13,  14,  15,  16,  17,  18,  19,  20,  21,  22,  23,  24,  25,  26,  27

  0,   1,   1,   1,   1,   1,   1,   1,   1,   1,   1,   1,   1,   1,   1,   1,   1,   1,   1,   1,   1,   1,   1,   1,   1,   1,   1,   1,   1,   1,   1,   1
 30,  -2,  -1,   0,   1,   2,   3,   4,   5,   6,   7,   8,   9,  10,  11,  12,  13,  14,  15,  16,  17,  18,  19,  20,  21,  22,  23,  24,  25,  26,  27,  28

  0,   1,   1,   1,   1,   1,   1,   1,   1,   1,   1,   1,   1,   1,   1,   1,   1,   1,   1,   1,   1,   1,   1,   1,   1,   1,   1,   1,   1,   1,   1,   1
 30,  -1,   0,   1,   2,   3,   4,   5,   6,   7,   8,   9,  10,  11,  12,  13,  14,  15,  16,  17,  18,  19,  20,  21,  22,  23,  24,  25,  26,  27,  28,  29

  0,   1,   1,   1,   1,   1,   1,   1,   1,   1,   1,   1,   1,   1,   1,   1,   1,   1,   1,   1,   1,   1,   1,   1,   1,   1,   1,   1,   1,   1,   1,   1
  1,   0,   1,   2,   3,   4,   5,   6,   7,   8,   9,  10,  11,  12,  13,  14,  15,  16,  17,  18,  19,  20,  21,  22,  23,  24,  25,  26,  27,  28,  29,  30

  0,   1,   1,   1,   1,   1,   1,   1,   1,   1,   1,   1,   1,   1,   1,   1,   1,   1,   1,   1,   1,   1,   1,   1,   1,   1,   1,   1,   1,   1,   1,   2
  1,   0,   1,   2,   3,   4,   5,   6,   7,   8,   9,  10,  11,  12,  13,  14,  16,  17,  18,  19,  20,  21,  22,  23,  24,  25,  26,  27,  28,  29,  30,  30

  0,   1,   1,   1,   1,   1,   1,   1,   1,   1,   1,   1,   1,   1,   1,   1,   1,   1,   1,   1,   1,   1,   1,   1,   1,   1,   1,   1,   1,   1,   2,   2
  1,   0,   1,   2,   3,   4,   5,   6,   7,   8,   9,  10,  11,  12,  13,  14,  16,  17,  18,  19,  20,  21,  22,  23,  24,  25,  26,  27,  28,  29,  29,  30

  0,   1,   1,   1,   1,   1,   1,   1,   1,   1,   1,   1,   1,   1,   1,   1,   1,   1,   1,   1,   1,   1,   1,   1,   1,   1,   1,   1,   1,   2,   2,   2
  1,   0,   1,   2,   3,   4,   5,   6,   7,   8,   9,  10,  11,  12,  13,  14,  16,  17,  18,  19,  20,  21,  22,  23,  24,  25,  26,  27,  28,  27,  29,  30

  0,   1,   1,   1,   1,   1,   1,   1,   1,   1,   1,   1,   1,   1,   1,   1,   1,   1,   1,   1,   1,   1,   1,   1,   1,   1,   1,   1,   2,   2,   2,   2
  1,   0,   1,   2,   3,   4,   5,   6,   7,   8,   9,  10,  11,  12,  13,  14,  16,  17,  18,  19,  20,  21,  22,  23,  24,  25,  26,  27,  25,  27,  29,  30

  0,   1,   1,   1,   1,   1,   1,   1,   1,   1,   1,   1,   1,   1,   1,   1,   1,   1,   1,   1,   1,   1,   1,   1,   1,   1,   1,   2,   2,   2,   2,   2
  1,   0,   1,   2,   3,   4,   5,   6,   7,   8,   9,  10,  11,  12,  13,  14,  16,  17,  18,  19,  20,  21,  22,  23,  24,  25,  26,  23,  25,  27,  29,  30

  0,   1,   1,   1,   1,   1,   1,   1,   1,   1,   1,   1,   1,   1,   1,   1,   1,   1,   1,   1,   1,   1,   1,   1,   1,   1,   2,   2,   2,   2,   2,   2
  1,   0,   1,   2,   3,   4,   5,   6,   7,   8,   9,  10,  11,  12,  13,  14,  16,  17,  18,  19,  20,  21,  22,  23,  24,  25,  21,  23,  25,  27,  29,  30

  0,   1,   1,   1,   1,   1,   1,   1,   1,   1,   1,   1,   1,   1,   1,   1,   1,   1,   1,   1,   1,   1,   1,   1,   1,   2,   2,   2,   2,   2,   2,   2
  1,   0,   1,   2,   3,   4,   5,   6,   7,   8,   9,  10,  11,  12,  13,  14,  16,  17,  18,  19,  20,  21,  22,  23,  24,  19,  21,  23,  25,  27,  29,  30

  0,   1,   1,   1,   1,   1,   1,   1,   1,   1,   1,   1,   1,   1,   1,   1,   1,   1,   1,   1,   1,   1,   1,   1,   2,   2,   2,   2,   2,   2,   2,   2
  1,   0,   1,   2,   3,   4,   5,   6,   7,   8,   9,  10,  11,  12,  13,  14,  16,  17,  18,  19,  20,  21,  22,  23,  17,  19,  21,  23,  25,  27,  29,  30

  0,   1,   1,   1,   1,   1,   1,   1,   1,   1,   1,   1,   1,   1,   1,   1,   1,   1,   1,   1,   1,   1,   1,   2,   2,   2,   2,   2,   2,   2,   2,   2
  1,   0,   1,   2,   3,   4,   5,   6,   7,   8,   9,  10,  11,  12,  13,  14,  16,  17,  18,  19,  20,  21,  22,  15,  17,  19,  21,  23,  25,  27,  29,  30

  0,   1,   1,   1,   1,   1,   1,   1,   1,   1,   1,   1,   1,   1,   1,   1,   1,   1,   1,   2,   2,   2,   2,   2,   2,   2,   2,   3,   3,   3,   3,   3
  1,   0,   1,   2,   3,   4,   5,   6,   7,   8,   9,  11,  12,  13,  14,  15,  16,  17,  18,  11,  13,  15,  17,  19,  21,  23,  25,  25,  26,  28,  29,  30

  0,   1,   1,   1,   1,   1,   1,   1,   1,   1,   1,   1,   1,   1,   1,   1,   1,   1,   2,   2,   2,   2,   2,   2,   2,   2,   3,   3,   3,   3,   3,   3
  1,   0,   1,   2,   3,   4,   5,   6,   7,   8,   9,  11,  12,  13,  14,  15,  16,  17,  11,  13,  15,  17,  19,  21,  23,  25,  23,  25,  26,  28,  29,  30

  0,   1,   1,   1,   1,   1,   1,   1,   1,   1,   1,   1,   1,   1,   1,   1,   1,   1,   2,   2,   2,   2,   2,   2,   2,   3,   3,   3,   3,   3,   3,   3
  1,   0,   1,   2,   3,   4,   5,   6,   7,   8,   9,  11,  12,  13,  14,  15,  16,  17,  11,  13,  15,  17,  19,  21,  23,  22,  23,  25,  26,  28,  29,  30

  0,   1,   1,   1,   1,   1,   1,   1,   1,   1,   1,   1,   1,   1,   1,   1,   1,   2,   2,   2,   2,   2,   2,   2,   3,   3,   3,   3,   3,   3,   3,   3
  1,   0,   1,   2,   3,   4,   5,   6,   7,   8,   9,  11,  12,  13,  14,  15,  16,  11,  13,  15,  17,  19,  21,  23,  20,  22,  23,  25,  26,  28,  29,  30

  0,   1,   1,   1,   1,   1,   1,   1,   1,   1,   1,   1,   1,   1,   1,   1,   2,   2,   2,   2,   2,   2,   3,   3,   3,   3,   3,   3,   3,   4,   4,   4
  1,   0,   1,   2,   3,   4,   5,   6,   7,   8,   9,  10,  11,  12,  13,  14,   9,  11,  13,  17,  19,  21,  17,  19,  20,  22,  23,  25,  26,  27,  29,  30

  0,   1,   1,   1,   1,   1,   1,   1,   1,   1,   1,   1,   1,   1,   1,   1,   2,   2,   2,   2,   2,   3,   3,   3,   3,   3,   3,   3,   3,   4,   4,   4
  1,   0,   1,   2,   3,   4,   5,   6,   7,   8,   9,  10,  11,  12,  13,  14,   9,  11,  13,  17,  19,  16,  17,  19,  20,  22,  23,  25,  26,  27,  29,  30

  0,   1,   1,   1,   1,   1,   1,   1,   1,   1,   1,   1,   1,   1,   1,   2,   2,   2,   2,   2,   3,   3,   3,   3,   3,   3,   3,   3,   4,   4,   4,   4
  1,   0,   1,   2,   3,   4,   5,   6,   7,   8,   9,  10,  11,  12,  13,   9,  11,  13,  17,  19,  16,  17,  19,  20,  22,  23,  25,  26,  25,  27,  29,  30

  0,   1,   1,   1,   1,   1,   1,   1,   1,   1,   1,   1,   1,   2,   2,   2,   2,   2,   2,   3,   3,   3,   3,   3,   3,   3,   3,   4,   4,   4,   4,   5
  1,   0,   1,   2,   3,   4,   5,   7,   8,   9,  10,  11,  12,   7,   9,  11,  13,  15,  17,  13,  14,  16,  17,  19,  20,  22,  23,  21,  23,  25,  27,  30

  0,   1,   1,   1,   1,   1,   1,   1,   1,   1,   1,   1,   2,   2,   2,   2,   2,   2,   3,   3,   3,   3,   3,   3,   3,   3,   4,   4,   4,   4,   5,   5
  1,   0,   1,   2,   3,   4,   5,   7,   8,   9,  10,  11,   7,   9,  11,  13,  15,  17,  13,  14,  16,  17,  19,  20,  22,  23,  21,  23,  25,  27,  29,  30

  0,   1,   1,   1,   1,   1,   1,   1,   1,   1,   1,   1,   2,   2,   2,   2,   2,   2,   3,   3,   3,   3,   3,   3,   3,   4,   4,   4,   4,   5,   5,   5
  1,   0,   1,   2,   3,   4,   5,   7,   8,   9,  10,  11,   7,   9,  11,  13,  15,  17,  13,  14,  16,  17,  19,  20,  22,  21,  23,  25,  27,  28,  29,  30

  0,   1,   1,   1,   1,   1,   1,   1,   1,   1,   1,   1,   2,   2,   2,   2,   2,   3,   3,   3,   3,   3,   3,   3,   4,   4,   4,   4,   5,   5,   5,   5
  1,   0,   1,   2,   3,   4,   5,   7,   8,   9,  10,  11,   7,   9,  11,  13,  15,  13,  14,  16,  17,  19,  20,  22,  21,  23,  25,  27,  27,  28,  29,  30

  0,   1,   1,   1,   1,   1,   1,   1,   1,   1,   1,   1,   2,   2,   2,   2,   2,   3,   3,   3,   3,   3,   3,   4,   4,   4,   4,   5,   5,   5,   5,   5
  1,   0,   1,   2,   3,   4,   5,   7,   8,   9,  10,  11,   7,   9,  11,  13,  15,  13,  14,  16,  17,  19,  20,  19,  21,  23,  25,  26,  27,  28,  29,  30

  0,   1,   1,   1,   1,   1,   1,   1,   1,   1,   1,   2,   2,   2,   2,   2,   3,   3,   3,   3,   3,   3,   4,   4,   4,   4,   5,   5,   5,   5,   5,   5
  1,   0,   1,   2,   3,   4,   5,   7,   8,   9,  10,   7,   9,  11,  13,  15,  13,  14,  16,  17,  19,  20,  19,  21,  23,  25,  24,  26,  27,  28,  29,  30

  0,   1,   1,   1,   1,   1,   1,   1,   1,   1,   1,   2,   2,   2,   2,   2,   3,   3,   3,   3,   3,   3,   4,   4,   4,   4,   5,   5,   5,   5,   5,   6
  1,   0,   1,   2,   3,   4,   6,   7,   8,   9,  10,   7,   9,  11,  13,  15,  13,  14,  16,  17,  19,  20,  19,  21,  23,  25,  24,  26,  27,  28,  29,  30

  0,   1,   1,   1,   1,   1,   1,   1,   1,   1,   1,   2,   2,   2,   2,   2,   3,   3,   3,   3,   3,   3,   3,   4,   4,   4,   4,   5,   5,   5,   5,   6
  1,   0,   1,   2,   3,   4,   6,   7,   8,   9,  10,   7,   9,  11,  13,  15,  11,  13,  14,  16,  17,  19,  20,  17,  19,  21,  23,  24,  26,  27,  28,  30

  0,   1,   1,   1,   1,   1,   1,   1,   1,   1,   1,   2,   2,   2,   2,   2,   3,   3,   3,   3,   3,   3,   4,   4,   4,   4,   5,   5,   5,   5,   5,   6
  1,   0,   1,   2,   3,   4,   6,   7,   8,   9,  10,   7,   9,  11,  13,  15,  11,  13,  14,  16,  17,  19,  17,  19,  21,  23,  23,  24,  26,  27,  28,  30

  0,   1,   1,   1,   1,   1,   1,   1,   1,   1,   1,   2,   2,   2,   2,   3,   3,   3,   3,   3,   3,   4,   4,   4,   4,   5,   5,   5,   5,   5,   5,   6
  1,   0,   1,   2,   3,   4,   6,   7,   8,   9,  10,   7,   9,  11,  13,  11,  13,  14,  16,  17,  19,  17,  19,  21,  23,  22,  23,  24,  26,  27,  28,  30

  0,   1,   1,   1,   1,   1,   1,   1,   1,   1,   2,   2,   2,   2,   3,   3,   3,   3,   3,   3,   4,   4,   4,   4,   5,   5,   5,   5,   5,   5,   6,   6
  1,   0,   1,   2,   3,   4,   6,   7,   8,   9,   7,   9,  11,  13,  11,  13,  14,  16,  17,  19,  17,  19,  21,  23,  22,  23,  24,  26,  27,  28,  29,  30

  0,   1,   1,   1,   1,   1,   1,   1,   1,   1,   1,   2,   2,   2,   2,   2,   2,   3,   3,   3,   3,   3,   3,   3,   4,   4,   4,   4,   5,   5,   5,   6
  1,   0,   1,   2,   3,   4,   6,   7,   8,   9,  10,   5,   7,   9,  11,  13,  15,  11,  13,  14,  16,  17,  19,  20,  17,  19,  21,  23,  24,  26,  27,  30

  0,   1,   1,   1,   1,   1,   1,   1,   1,   1,   1,   2,   2,   2,   2,   2,   2,   3,   3,   3,   3,   3,   3,   4,   4,   4,   4,   5,   5,   5,   5,   6
  1,   0,   1,   2,   3,   4,   6,   7,   8,   9,  10,   5,   7,   9,  11,  13,  15,  11,  13,  14,  16,  17,  19,  17,  19,  21,  23,  23,  24,  26,  27,  30

  0,   1,   1,   1,   1,   1,   1,   1,   1,   1,   1,   2,   2,   2,   2,   2,   3,   3,   3,   3,   3,   3,   4,   4,   4,   4,   5,   5,   5,   5,   5,   6
  1,   0,   1,   2,   3,   4,   6,   7,   8,   9,  10,   5,   7,   9,  11,  13,  11,  13,  14,  16,  17,  19,  17,  19,  21,  23,  22,  23,  24,  26,  27,  30

  0,   1,   1,   1,   1,   1,   1,   1,   1,   1,   2,   2,   2,   2,   2,   3,   3,   3,   3,   3,   3,   4,   4,   4,   4,   5,   5,   5,   5,   5,   6,   6
  1,   0,   1,   2,   3,   4,   6,   7,   8,   9,   5,   7,   9,  11,  13,  11,  13,  14,  16,  17,  19,  17,  19,  21,  23,  22,  23,  24,  26,  27,  29,  30

  0,   1,   1,   1,   1,   1,   1,   1,   1,   1,   1,   2,   2,   2,   2,   2,   2,   3,   3,   3,   3,   3,   3,   3,   3,   4,   4,   4,   4,   5,   5,   6
  1,   0,   1,   2,   3,   4,   6,   7,   8,   9,  10,   5,   7,   9,  11,  13,  15,  10,  11,  13,  14,  16,  17,  19,  20,  17,  19,  21,  23,  24,  26,  30

  0,   1,   1,   1,   1,   1,   1,   1,   1,   1,   1,   2,   2,   2,   2,   2,   2,   3,   3,   3,   3,   3,   3,   3,   4,   4,   4,   4,   5,   5,   5,   6
  1,   0,   1,   2,   3,   4,   6,   7,   8,   9,  10,   5,   7,   9,  11,  13,  15,  10,  11,  13,  14,  16,  17,  19,  17,  19,  21,  23,  23,  24,  26,  30

  0,   1,   1,   1,   1,   1,   1,   1,   1,   1,   1,   2,   2,   2,   2,   2,   3,   3,   3,   3,   3,   3,   3,   4,   4,   4,   4,   5,   5,   5,   5,   6
  1,   0,   1,   2,   3,   4,   6,   7,   8,   9,  10,   5,   7,   9,  11,  13,  10,  11,  13,  14,  16,  17,  19,  17,  19,  21,  23,  22,  23,  24,  26,  30

  0,   1,   1,   1,   1,   1,   1,   1,   1,   1,   2,   2,   2,   2,   2,   3,   3,   3,   3,   3,   3,   3,   4,   4,   4,   4,   5,   5,   5,   5,   6,   6
  1,   0,   1,   2,   3,   4,   6,   7,   8,   9,   5,   7,   9,  11,  13,  10,  11,  13,  14,  16,  17,  19,  17,  19,  21,  23,  22,  23,  24,  26,  29,  30

  0,   1,   1,   1,   1,   1,   1,   1,   1,   1,   1,   2,   2,   2,   2,   2,   3,   3,   3,   3,   3,   3,   4,   4,   4,   4,   5,   5,   5,   5,   5,   6
  1,   0,   1,   2,   3,   4,   6,   7,   8,   9,  10,   5,   7,   9,  11,  13,  10,  11,  13,  14,  16,  17,  15,  17,  19,  21,  21,  22,  23,  24,  26,  30

  0,   1,   1,   1,   1,   1,   1,   1,   1,   1,   2,   2,   2,   2,   2,   3,   3,   3,   3,   3,   3,   4,   4,   4,   4,   5,   5,   5,   5,   5,   6,   6
  1,   0,   1,   2,   3,   4,   6,   7,   8,   9,   5,   7,   9,  11,  13,  10,  11,  13,  14,  16,  17,  15,  17,  19,  21,  21,  22,  23,  24,  26,  29,  30

  0,   1,   1,   1,   1,   1,   1,   1,   1,   1,   2,   2,   2,   2,   2,   3,   3,   3,   3,   3,   3,   4,   4,   4,   4,   5,   5,   5,   5,   6,   6,   6
  1,   0,   1,   2,   3,   4,   6,   7,   8,   9,   5,   7,   9,  11,  13,  10,  11,  13,  14,  16,  17,  15,  17,  19,  21,  21,  22,  23,  24,  25,  29,  30

  0,   1,   1,   1,   1,   1,   1,   1,   1,   1,   2,   2,   2,   2,   3,   3,   3,   3,   3,   4,   4,   4,   5,   5,   5,   5,   5,   5,   6,   6,   7,   7
  1,   0,   1,   2,   3,   4,   5,   6,   7,   8,   5,   7,   9,  11,  10,  11,  13,  14,  16,  15,  17,  19,  18,  19,  21,  22,  23,  24,  23,  25,  29,  30

  0,   1,   1,   1,   1,   1,   1,   1,   1,   1,   2,   2,   2,   2,   3,   3,   3,   3,   3,   4,   4,   4,   4,   5,   5,   5,   5,   5,   6,   6,   7,   7
  1,   0,   1,   2,   3,   4,   5,   6,   7,   8,   5,   7,   9,  11,  10,  11,  13,  14,  16,  13,  15,  17,  19,  18,  19,  21,  22,  23,  23,  25,  29,  30

  0,   1,   1,   1,   1,   1,   1,   1,   1,   1,   2,   2,   2,   2,   3,   3,   3,   3,   4,   4,   4,   4,   5,   5,   5,   5,   5,   6,   6,   7,   7,   7
  1,   0,   1,   2,   3,   4,   5,   6,   7,   8,   5,   7,   9,  11,  10,  11,  13,  14,  13,  15,  17,  19,  18,  19,  21,  22,  23,  23,  25,  27,  29,  30

  0,   1,   1,   1,   1,   1,   1,   1,   1,   1,   2,   2,   2,   2,   3,   3,   3,   3,   4,   4,   4,   4,   5,   5,   5,   5,   6,   6,   7,   7,   7,   7
  1,   0,   1,   2,   3,   4,   5,   6,   7,   8,   5,   7,   9,  11,  10,  11,  13,  14,  13,  15,  17,  19,  18,  19,  21,  22,  23,  25,  26,  27,  29,  30

  0,   1,   1,   1,   1,   1,   1,   1,   1,   2,   2,   2,   2,   3,   3,   3,   3,   3,   4,   4,   5,   5,   5,   5,   5,   5,   6,   6,   7,   7,   7,   8
  1,   0,   1,   2,   3,   4,   5,   6,   7,   5,   7,   9,  11,   8,  10,  11,  13,  14,  13,  17,  16,  17,  18,  19,  21,  22,  23,  25,  25,  26,  27,  30

  0,   1,   1,   1,   1,   1,   1,   1,   1,   2,   2,   2,   2,   3,   3,   3,   3,   3,   4,   4,   5,   5,   5,   5,   5,   6,   6,   7,   7,   7,   8,   8
  1,   0,   1,   2,   3,   4,   5,   6,   7,   5,   7,   9,  11,   8,  10,  11,  13,  14,  13,  17,  16,  17,  18,  19,  21,  23,  25,  25,  26,  27,  29,  30

  0,   1,   1,   1,   1,   1,   1,   1,   1,   2,   2,   2,   2,   3,   3,   3,   3,   3,   4,   4,   5,   5,   5,   5,   5,   6,   7,   7,   7,   7,   8,   8
  1,   0,   1,   2,   3,   4,   5,   6,   7,   5,   7,   9,  11,   8,  10,  11,  13,  14,  13,  17,  16,  17,  18,  19,  21,  23,  24,  25,  26,  27,  29,  30

  0,   1,   1,   1,   1,   1,   1,   1,   1,   2,   2,   2,   2,   3,   3,   3,   3,   3,   4,   4,   5,   5,   5,   5,   6,   6,   7,   7,   7,   7,   8,   8
  1,   0,   1,   2,   3,   4,   5,   6,   7,   5,   7,   9,  11,   8,  10,  11,  13,  14,  13,  17,  16,  17,  18,  19,  19,  23,  24,  25,  26,  27,  29,  30

  0,   1,   1,   1,   1,   1,   1,   1,   1,   2,   2,   2,   3,   3,   3,   3,   3,   4,   4,   5,   5,   5,   5,   6,   6,   7,   7,   7,   7,   7,   8,   8
  1,   0,   1,   2,   3,   4,   5,   6,   7,   5,   7,   9,   8,  10,  11,  13,  14,  13,  17,  16,  17,  18,  19,  19,  23,  23,  24,  25,  26,  27,  29,  30

  0,   1,   1,   1,   1,   1,   1,   1,   1,   2,   2,   2,   3,   3,   3,   3,   4,   4,   5,   5,   5,   5,   6,   6,   7,   7,   7,   7,   7,   8,   8,   8
  1,   0,   1,   2,   3,   4,   5,   6,   7,   5,   7,   9,   8,  10,  11,  13,  13,  17,  16,  17,  18,  19,  19,  23,  23,  24,  25,  26,  27,  27,  29,  30

  0,   1,   1,   1,   1,   1,   1,   1,   2,   2,   2,   3,   3,   3,   3,   4,   4,   4,   5,   5,   5,   5,   5,   6,   7,   7,   7,   7,   8,   8,   9,   9
  1,   0,   1,   2,   3,   4,   5,   6,   5,   7,   9,   7,   8,  11,  13,  11,  13,  15,  14,  16,  17,  18,  19,  19,  22,  23,  24,  25,  25,  27,  29,  30

  0,   1,   1,   1,   1,   1,   1,   1,   2,   2,   2,   3,   3,   3,   3,   4,   4,   4,   5,   5,   5,   5,   5,   6,   6,   7,   7,   7,   8,   8,   9,   9
  1,   0,   1,   2,   3,   4,   5,   6,   5,   7,   9,   7,   8,  11,  13,  11,  13,  15,  14,  16,  17,  18,  19,  17,  19,  22,  23,  24,  25,  27,  29,  30

  0,   1,   1,   1,   1,   1,   1,   1,   2,   2,   2,   3,   3,   3,   4,   4,   4,   5,   5,   5,   5,   6,   6,   7,   7,   7,   7,   8,   8,   9,   9,   9
  1,   0,   1,   2,   3,   4,   5,   6,   5,   7,   9,   7,   8,  11,  11,  13,  15,  14,  16,  17,  18,  17,  19,  20,  22,  23,  24,  25,  27,  28,  29,  30

  0,   1,   1,   1,   1,   1,   2,   2,   2,   3,   3,   3,   4,   4,   4,   5,   5,   5,   5,   6,   6,   7,   7,   7,   8,   8,   9,   9,  10,  10,  10,  11
  1,   0,   1,   2,   4,   5,   3,   5,   7,   7,   8,  10,   9,  11,  13,  12,  13,  14,  16,  17,  19,  18,  19,  20,  21,  23,  25,  26,  27,  29,  30,  30

  0,   1,   1,   1,   1,   1,   1,   2,   2,   2,   3,   3,   3,   3,   4,   4,   4,   5,   5,   5,   5,   6,   6,   7,   7,   7,   7,   8,   8,   9,   9,  10
  1,   0,   1,   2,   4,   5,   6,   5,   7,   9,   7,   8,  10,  11,  11,  13,  15,  14,  16,  17,  18,  17,  19,  20,  22,  23,  24,  25,  27,  28,  29,  30

  0,   1,   1,   1,   1,   1,   1,   2,   2,   2,   3,   3,   3,   3,   4,   4,   4,   5,   5,   5,   5,   5,   6,   6,   7,   7,   7,   7,   8,   9,   9,  10
  1,   0,   1,   2,   4,   5,   6,   5,   7,   9,   7,   8,  10,  11,  11,  13,  15,  13,  14,  16,  17,  18,  17,  19,  20,  22,  23,  24,  25,  28,  29,  30

  0,   1,   1,   1,   1,   1,   1,   2,   2,   2,   3,   3,   3,   3,   4,   4,   4,   5,   5,   5,   5,   5,   6,   6,   7,   7,   7,   8,   8,   9,   9,  10
  1,   0,   1,   2,   4,   5,   6,   5,   7,   9,   7,   8,  10,  11,  11,  13,  15,  13,  14,  16,  17,  18,  17,  19,  20,  22,  23,  23,  25,  28,  29,  30

  0,   1,   1,   1,   1,   1,   1,   2,   2,   2,   2,   3,   3,   3,   3,   4,   4,   4,   5,   5,   5,   5,   6,   6,   7,   7,   7,   7,   8,   8,   9,  10
  1,   0,   1,   2,   4,   5,   6,   3,   5,   7,   9,   7,   8,  10,  11,  11,  13,  15,  14,  16,  17,  18,  17,  19,  20,  22,  23,  24,  25,  27,  28,  30

  0,   1,   1,   1,   1,   1,   1,   2,   2,   2,   2,   3,   3,   3,   3,   4,   4,   4,   5,   5,   5,   5,   5,   6,   6,   7,   7,   7,   7,   8,   9,  10
  1,   0,   1,   2,   4,   5,   6,   3,   5,   7,   9,   7,   8,  10,  11,  11,  13,  15,  13,  14,  16,  17,  18,  17,  19,  20,  22,  23,  24,  25,  28,  30

  0,   1,   1,   1,   1,   1,   1,   2,   2,   2,   2,   3,   3,   3,   3,   4,   4,   4,   5,   5,   5,   5,   5,   6,   6,   7,   7,   7,   8,   8,   9,  10
  1,   0,   1,   2,   4,   5,   6,   3,   5,   7,   9,   7,   8,  10,  11,  11,  13,  15,  13,  14,  16,  17,  18,  17,  19,  20,  22,  23,  23,  25,  28,  30

  0,   1,   1,   1,   1,   1,   1,   2,   2,   2,   2,   3,   3,   3,   3,   4,   4,   4,   5,   5,   5,   5,   6,   6,   7,   7,   7,   7,   8,   8,   9,  10
  1,   0,   1,   2,   4,   5,   6,   3,   5,   7,   9,   7,   8,  10,  11,  11,  13,  15,  13,  14,  16,  17,  17,  19,  19,  20,  22,  23,  23,  25,  28,  30

  0,   1,   1,   1,   1,   1,   1,   2,   2,   2,   2,   3,   3,   3,   3,   4,   4,   5,   5,   5,   5,   6,   6,   7,   7,   7,   7,   8,   8,   9,   9,  10
  1,   0,   1,   2,   4,   5,   6,   3,   5,   7,   9,   7,   8,  10,  11,  11,  13,  13,  14,  16,  17,  17,  19,  19,  20,  22,  23,  23,  25,  26,  28,  30

  0,   1,   1,   1,   1,   1,   1,   2,   2,   2,   2,   3,   3,   3,   3,   4,   4,   4,   4,   5,   5,   5,   5,   5,   6,   6,   7,   7,   7,   8,   8,  10
  1,   0,   1,   2,   4,   5,   6,   3,   5,   7,   9,   7,   8,  10,  11,   9,  11,  13,  15,  13,  14,  16,  17,  18,  17,  19,  20,  22,  23,  23,  25,  30

  0,   1,   1,   1,   1,   1,   1,   2,   2,   2,   2,   3,   3,   3,   3,   4,   4,   4,   4,   5,   5,   5,   5,   6,   6,   7,   7,   7,   7,   8,   8,  10
  1,   0,   1,   2,   4,   5,   6,   3,   5,   7,   9,   7,   8,  10,  11,   9,  11,  13,  15,  13,  14,  16,  17,  17,  19,  19,  20,  22,  23,  23,  25,  30

  0,   1,   1,   1,   1,   1,   1,   2,   2,   2,   2,   3,   3,   3,   3,   4,   4,   4,   5,   5,   5,   5,   6,   6,   7,   7,   7,   7,   8,   8,   9,  10
  1,   0,   1,   2,   4,   5,   6,   3,   5,   7,   9,   7,   8,  10,  11,   9,  11,  13,  13,  14,  16,  17,  17,  19,  19,  20,  22,  23,  23,  25,  26,  30

  0,   1,   1,   1,   1,   1,   1,   2,   2,   2,   2,   3,   3,   3,   3,   4,   4,   4,   4,   5,   5,   5,   5,   5,   5,   6,   6,   7,   7,   8,   8,  10
  1,   0,   1,   2,   4,   5,   6,   3,   5,   7,   9,   7,   8,  10,  11,   9,  11,  13,  15,  12,  13,  14,  16,  17,  18,  17,  19,  20,  22,  23,  25,  30

  0,   1,   1,   1,   1,   1,   1,   2,   2,   2,   2,   3,   3,   3,   3,   4,   4,   4,   4,   5,   5,   5,   5,   5,   6,   6,   7,   7,   7,   8,   8,  10
  1,   0,   1,   2,   4,   5,   6,   3,   5,   7,   9,   7,   8,  10,  11,   9,  11,  13,  15,  12,  13,  14,  16,  17,  17,  19,  19,  20,  22,  23,  25,  30

  0,   1,   1,   1,   1,   1,   1,   2,   2,   2,   2,   3,   3,   3,   3,   4,   4,   4,   5,   5,   5,   5,   5,   6,   6,   7,   7,   7,   8,   8,   9,  10
  1,   0,   1,   2,   4,   5,   6,   3,   5,   7,   9,   7,   8,  10,  11,   9,  11,  13,  12,  13,  14,  16,  17,  17,  19,  19,  20,  22,  23,  25,  26,  30

  0,   1,   1,   1,   1,   1,   1,   2,   2,   2,   3,   3,   3,   3,   4,   4,   4,   5,   5,   5,   5,   5,   6,   6,   7,   7,   7,   8,   8,   9,   9,  10
  1,   0,   1,   2,   4,   5,   6,   3,   5,   7,   7,   8,  10,  11,   9,  11,  13,  12,  13,  14,  16,  17,  17,  19,  19,  20,  22,  23,  25,  25,  26,  30

  0,   1,   1,   1,   1,   1,   2,   2,   2,   3,   3,   3,   3,   4,   4,   4,   5,   5,   5,   5,   5,   6,   6,   7,   7,   7,   8,   8,   9,   9,  10,  10
  1,   0,   1,   2,   4,   5,   3,   5,   7,   7,   8,  10,  11,   9,  11,  13,  12,  13,  14,  16,  17,  17,  19,  19,  20,  22,  23,  25,  25,  26,  29,  30

  0,   1,   1,   1,   1,   1,   1,   2,   2,   2,   2,   3,   3,   3,   3,   4,   4,   4,   5,   5,   5,   5,   5,   6,   6,   7,   7,   7,   7,   8,   9,  10
  1,   0,   1,   2,   4,   5,   6,   3,   5,   7,   9,   7,   8,  10,  11,   9,  11,  13,  12,  13,  14,  16,  17,  17,  19,  18,  19,  20,  22,  23,  26,  30

  0,   1,   1,   1,   1,   1,   1,   2,   2,   2,   3,   3,   3,   3,   4,   4,   4,   5,   5,   5,   5,   5,   6,   6,   7,   7,   7,   7,   8,   9,   9,  10
  1,   0,   1,   2,   4,   5,   6,   3,   5,   7,   7,   8,  10,  11,   9,  11,  13,  12,  13,  14,  16,  17,  17,  19,  18,  19,  20,  22,  23,  25,  26,  30

  0,   1,   1,   1,   1,   1,   2,   2,   2,   3,   3,   3,   3,   4,   4,   4,   5,   5,   5,   5,   5,   6,   6,   7,   7,   7,   7,   8,   9,   9,  10,  10
  1,   0,   1,   2,   4,   5,   3,   5,   7,   7,   8,  10,  11,   9,  11,  13,  12,  13,  14,  16,  17,  17,  19,  18,  19,  20,  22,  23,  25,  26,  29,  30

  0,   1,   1,   1,   1,   1,   1,   2,   2,   2,   2,   3,   3,   3,   3,   4,   4,   4,   5,   5,   5,   5,   6,   6,   7,   7,   7,   7,   8,   8,   9,  10
  1,   0,   1,   2,   4,   5,   6,   3,   5,   7,   9,   7,   8,  10,  11,   9,  11,  13,  12,  13,  14,  16,  17,  19,  18,  19,  20,  22,  21,  23,  26,  30

  0,   1,   1,   1,   1,   1,   1,   2,   2,   2,   3,   3,   3,   3,   4,   4,   4,   5,   5,   5,   5,   6,   6,   7,   7,   7,   7,   8,   8,   9,   9,  10
  1,   0,   1,   2,   4,   5,   6,   3,   5,   7,   7,   8,  10,  11,   9,  11,  13,  12,  13,  14,  16,  17,  19,  18,  19,  20,  22,  21,  23,  25,  26,  30

  0,   1,   1,   1,   1,   1,   2,   2,   2,   3,   3,   3,   3,   4,   4,   4,   5,   5,   5,   5,   6,   6,   7,   7,   7,   7,   8,   8,   9,   9,  10,  10
  1,   0,   1,   2,   4,   5,   3,   5,   7,   7,   8,  10,  11,   9,  11,  13,  12,  13,  14,  16,  17,  19,  18,  19,  20,  22,  21,  23,  25,  26,  29,  30

  0,   1,   1,   1,   1,   1,   2,   2,   2,   3,   3,   3,   3,   4,   4,   4,   5,   5,   5,   5,   6,   6,   7,   7,   7,   8,   8,   9,   9,  10,  10,  10
  1,   0,   1,   2,   4,   5,   3,   5,   7,   7,   8,  10,  11,   9,  11,  13,  12,  13,  14,  16,  17,  19,  18,  19,  20,  21,  23,  25,  26,  27,  29,  30

  0,   1,   1,   1,   1,   1,   1,   2,   2,   2,   3,   3,   3,   4,   4,   4,   5,   5,   5,   5,   6,   6,   7,   7,   7,   8,   8,   9,   9,  10,  10,  11
  1,   0,   1,   2,   3,   4,   5,   3,   5,   7,   7,   8,  10,   9,  11,  13,  12,  13,  14,  16,  17,  19,  18,  19,  20,  21,  23,  25,  26,  27,  29,  30

  0,   1,   1,   1,   1,   1,   1,   2,   2,   2,   3,   3,   3,   4,   4,   4,   5,   5,   5,   5,   6,   7,   7,   7,   7,   8,   8,   9,   9,   9,  10,  11
  1,   0,   1,   2,   3,   4,   5,   3,   5,   7,   7,   8,  10,   9,  11,  13,  12,  13,  14,  16,  17,  17,  18,  19,  20,  21,  23,  23,  25,  26,  27,  30

  0,   1,   1,   1,   1,   1,   1,   2,   2,   2,   3,   3,   3,   4,   4,   4,   5,   5,   5,   6,   7,   7,   7,   7,   8,   8,   9,   9,   9,  10,  11,  11
  1,   0,   1,   2,   3,   4,   5,   3,   5,   7,   7,   8,  10,   9,  11,  13,  12,  13,  14,  17,  17,  18,  19,  20,  21,  23,  23,  25,  26,  27,  29,  30

  0,   1,   1,   1,   1,   1,   1,   2,   2,   2,   3,   3,   3,   4,   4,   4,   5,   5,   5,   5,   5,   6,   7,   7,   7,   7,   8,   8,   9,   9,  10,  11
  1,   0,   1,   2,   3,   4,   5,   3,   5,   7,   7,   8,  10,   9,  11,  13,  11,  12,  13,  14,  16,  17,  17,  18,  19,  20,  21,  23,  23,  25,  27,  30

  0,   1,   1,   1,   1,   1,   1,   2,   2,   2,   3,   3,   3,   4,   4,   4,   5,   5,   5,   5,   6,   7,   7,   7,   7,   8,   8,   9,   9,  10,  11,  11
  1,   0,   1,   2,   3,   4,   5,   3,   5,   7,   7,   8,  10,   9,  11,  13,  11,  12,  13,  14,  17,  17,  18,  19,  20,  21,  23,  23,  25,  27,  29,  30

  0,   1,   1,   1,   1,   1,   1,   2,   2,   2,   3,   3,   3,   4,   4,   5,   5,   5,   5,   6,   7,   7,   7,   7,   8,   8,   9,   9,  10,  11,  11,  11
  1,   0,   1,   2,   3,   4,   5,   3,   5,   7,   7,   8,  10,   9,  11,  11,  12,  13,  14,  17,  17,  18,  19,  20,  21,  23,  23,  25,  27,  28,  29,  30

  0,   1,   1,   1,   1,   1,   1,   2,   2,   2,   3,   3,   3,   4,   4,   4,   5,   5,   5,   5,   6,   7,   7,   7,   7,   8,   9,   9,   9,  10,  11,  11
  1,   0,   1,   2,   3,   4,   5,   3,   5,   7,   7,   8,  10,   9,  11,  13,  11,  12,  13,  14,  17,  17,  18,  19,  20,  21,  22,  23,  25,  27,  29,  30

  0,   1,   1,   1,   1,   1,   1,   2,   2,   2,   3,   3,   3,   4,   4,   5,   5,   5,   5,   6,   7,   7,   7,   7,   8,   9,   9,   9,  10,  11,  11,  11
  1,   0,   1,   2,   3,   4,   5,   3,   5,   7,   7,   8,  10,   9,  11,  11,  12,  13,  14,  17,  17,  18,  19,  20,  21,  22,  23,  25,  27,  28,  29,  30

  0,   1,   1,   1,   1,   1,   1,   2,   2,   3,   3,   3,   4,   4,   5,   5,   5,   5,   6,   7,   7,   7,   7,   8,   9,   9,   9,  10,  11,  11,  11,  12
  1,   0,   1,   2,   3,   4,   5,   3,   7,   7,   8,  10,   9,  11,  11,  12,  13,  14,  17,  17,  18,  19,  20,  21,  22,  23,  25,  27,  28,  29,  30,  30

  0,   1,   1,   1,   1,   1,   1,   2,   2,   3,   3,   3,   4,   4,   5,   5,   5,   5,   6,   7,   7,   7,   7,   8,   8,   9,   9,   9,  10,  11,  11,  12
  1,   0,   1,   2,   3,   4,   5,   3,   7,   7,   8,  10,   9,  11,  11,  12,  13,  14,  17,  17,  18,  19,  20,  19,  21,  22,  23,  25,  27,  28,  29,  30

  0,   1,   1,   1,   1,   1,   1,   2,   2,   3,   3,   3,   4,   4,   5,   5,   5,   5,   6,   7,   7,   7,   7,   7,   8,   8,   9,   9,  10,  11,  11,  12
  1,   0,   1,   2,   3,   4,   5,   3,   7,   7,   8,  10,   9,  11,  11,  12,  13,  14,  17,  16,  17,  18,  19,  20,  19,  21,  22,  23,  27,  28,  29,  30

  0,   1,   1,   1,   1,   1,   1,   2,   2,   3,   3,   3,   4,   4,   5,   5,   5,   5,   6,   7,   7,   7,   7,   8,   8,   9,   9,  10,  11,  11,  11,  12
  1,   0,   1,   2,   3,   4,   5,   3,   7,   7,   8,  10,   9,  11,  11,  12,  13,  14,  17,  16,  17,  18,  19,  19,  21,  22,  23,  27,  27,  28,  29,  30

  0,   1,   1,   1,   1,   1,   1,   2,   2,   3,   3,   3,   3,   4,   4,   5,   5,   5,   5,   6,   6,   7,   7,   7,   7,   7,   8,   8,   9,   9,  11,  12
  1,   0,   1,   2,   3,   4,   5,   3,   7,   5,   7,   8,  10,   9,  11,  11,  12,  13,  14,  13,  17,  16,  17,  18,  19,  20,  19,  21,  22,  23,  28,  30

  0,   1,   1,   1,   1,   1,   1,   2,   2,   3,   3,   3,   3,   4,   4,   5,   5,   5,   5,   6,   6,   7,   7,   7,   7,   8,   8,   9,   9,  11,  11,  12
  1,   0,   1,   2,   3,   4,   5,   3,   7,   5,   7,   8,  10,   9,  11,  11,  12,  13,  14,  13,  17,  16,  17,  18,  19,  19,  21,  22,  23,  27,  28,  30

  0,   1,   1,   1,   1,   1,   1,   2,   2,   3,   3,   3,   4,   4,   5,   5,   5,   5,   6,   7,   7,   7,   7,   8,   8,   9,   9,  10,  11,  11,  11,  12
  1,   0,   1,   2,   3,   4,   5,   3,   7,   5,   7,   8,   9,  11,  11,  12,  13,  14,  13,  16,  17,  18,  19,  19,  21,  22,  23,  23,  26,  27,  28,  30

  0,   1,   1,   1,   1,   1,   2,   2,   3,   3,   3,   4,   4,   5,   5,   5,   5,   6,   7,   7,   7,   7,   8,   8,   9,   9,  10,  11,  11,  11,  12,  12
  1,   0,   1,   2,   3,   4,   3,   7,   5,   7,   8,   9,  11,  11,  12,  13,  14,  13,  16,  17,  18,  19,  19,  21,  22,  23,  23,  26,  27,  28,  29,  30

  0,   1,   1,   1,   1,   1,   1,   2,   2,   3,   3,   3,   3,   4,   4,   5,   5,   5,   5,   6,   6,   7,   7,   7,   7,   7,   8,   8,   9,   9,  11,  12
  1,   0,   1,   2,   3,   4,   5,   3,   7,   5,   7,   8,  10,   9,  11,  11,  12,  13,  14,  13,  17,  15,  16,  17,  18,  19,  19,  21,  22,  23,  27,  30

  0,   1,   1,   1,   1,   1,   1,   2,   2,   3,   3,   3,   4,   4,   5,   5,   5,   5,   6,   7,   7,   7,   7,   7,   8,   8,   9,   9,  10,  11,  11,  12
  1,   0,   1,   2,   3,   4,   5,   3,   7,   5,   7,   8,   9,  11,  11,  12,  13,  14,  13,  15,  16,  17,  18,  19,  19,  21,  22,  23,  23,  26,  27,  30

  0,   1,   1,   1,   1,   1,   2,   2,   3,   3,   3,   4,   4,   5,   5,   5,   5,   6,   7,   7,   7,   7,   7,   8,   8,   9,   9,  10,  11,  11,  12,  12
  1,   0,   1,   2,   3,   4,   3,   7,   5,   7,   8,   9,  11,  11,  12,  13,  14,  13,  15,  16,  17,  18,  19,  19,  21,  22,  23,  23,  26,  27,  29,  30

  0,   1,   1,   1,   1,   1,   1,   2,   2,   3,   3,   3,   4,   4,   5,   5,   5,   5,   6,   7,   7,   7,   7,   8,   8,   9,   9,   9,  10,  11,  11,  12
  1,   0,   1,   2,   3,   4,   5,   3,   7,   5,   7,   8,   9,  11,  11,  12,  13,  14,  13,  15,  16,  17,  18,  19,  21,  20,  22,  23,  23,  26,  27,  30

  0,   1,   1,   1,   1,   1,   2,   2,   3,   3,   3,   4,   4,   5,   5,   5,   5,   6,   7,   7,   7,   7,   8,   8,   9,   9,   9,  10,  11,  11,  12,  12
  1,   0,   1,   2,   3,   4,   3,   7,   5,   7,   8,   9,  11,  11,  12,  13,  14,  13,  15,  16,  17,  18,  19,  21,  20,  22,  23,  23,  26,  27,  29,  30

  0,   1,   1,   1,   1,   1,   1,   2,   2,   3,   3,   3,   4,   4,   5,   5,   5,   5,   6,   7,   7,   7,   7,   8,   9,   9,   9,  10,  11,  11,  11,  12
  1,   0,   1,   2,   3,   4,   5,   3,   7,   5,   7,   8,   9,  11,  11,  12,  13,  14,  13,  15,  16,  17,  18,  19,  20,  22,  23,  23,  25,  26,  27,  30

  0,   1,   1,   1,   1,   1,   2,   2,   3,   3,   3,   4,   4,   5,   5,   5,   5,   6,   7,   7,   7,   7,   8,   9,   9,   9,  10,  11,  11,  11,  12,  12
  1,   0,   1,   2,   3,   4,   3,   7,   5,   7,   8,   9,  11,  11,  12,  13,  14,  13,  15,  16,  17,  18,  19,  20,  22,  23,  23,  25,  26,  27,  29,  30

  0,   1,   1,   1,   1,   1,   2,   2,   3,   3,   3,   4,   4,   5,   5,   5,   6,   7,   7,   8,   8,   9,   9,  10,  10,  11,  11,  11,  12,  13,  13,  14
  1,   0,   1,   2,   3,   4,   3,   5,   5,   7,   8,   7,   9,   9,  11,  12,  13,  16,  17,  17,  19,  19,  20,  21,  23,  23,  24,  25,  25,  28,  29,  30

  0,   1,   1,   1,   1,   1,   2,   2,   3,   3,   3,   4,   4,   5,   5,   5,   6,   6,   7,   7,   8,   8,   9,   9,  10,  10,  11,  11,  11,  12,  13,  14
  1,   0,   1,   2,   3,   4,   3,   5,   5,   7,   8,   7,   9,   9,  11,  12,  11,  13,  16,  17,  17,  19,  19,  20,  21,  23,  23,  24,  25,  25,  28,  30

  0,   1,   1,   1,   1,   1,   2,   2,   3,   3,   3,   4,   4,   5,   5,   5,   6,   6,   7,   7,   8,   8,   9,   9,  10,  11,  11,  12,  13,  13,  14,  14
  1,   0,   1,   2,   3,   4,   3,   5,   5,   7,   8,   7,   9,   9,  11,  12,  11,  13,  13,  16,  15,  17,  19,  20,  21,  23,  24,  25,  27,  28,  29,  30

  0,   1,   1,   1,   1,   2,   2,   3,   3,   3,   4,   4,   5,   5,   5,   6,   6,   7,   7,   7,   8,   8,   9,   9,  10,  11,  11,  12,  13,  13,  14,  15
  1,   0,   1,   3,   4,   3,   5,   5,   7,   8,   7,   9,   9,  11,  12,  11,  13,  13,  15,  16,  15,  17,  19,  20,  21,  23,  24,  25,  27,  28,  29,  30

  0,   1,   1,   1,   1,   2,   2,   3,   3,   3,   4,   4,   5,   5,   5,   6,   6,   7,   7,   7,   8,   8,   9,   9,   9,  10,  11,  11,  12,  13,  14,  15
  1,   0,   1,   3,   4,   3,   5,   5,   7,   8,   7,   9,   9,  11,  12,  11,  13,  13,  15,  16,  15,  17,  17,  19,  20,  21,  23,  24,  25,  27,  29,  30

  0,   1,   1,   1,   1,   2,   2,   3,   3,   3,   4,   4,   5,   5,   5,   6,   6,   7,   7,   7,   8,   8,   9,   9,   9,  10,  10,  11,  12,  13,  14,  15
  1,   0,   1,   3,   4,   3,   5,   5,   7,   8,   7,   9,   9,  11,  12,  11,  13,  13,  15,  16,  15,  17,  17,  19,  20,  19,  21,  23,  25,  27,  29,  30

  0,   1,   1,   1,   1,   2,   2,   3,   3,   3,   4,   4,   5,   5,   5,   6,   6,   7,   7,   7,   8,   8,   9,   9,  10,  10,  11,  11,  12,  13,  14,  15
  1,   0,   1,   3,   4,   3,   5,   5,   7,   8,   7,   9,   9,  11,  12,  11,  13,  13,  15,  16,  15,  17,  17,  19,  19,  21,  21,  23,  25,  27,  29,  30

  0,   1,   1,   1,   1,   2,   2,   3,   3,   3,   4,   4,   5,   5,   5,   6,   6,   7,   7,   8,   8,   9,   9,  10,  10,  11,  11,  12,  12,  13,  14,  15
  1,   0,   1,   3,   4,   3,   5,   5,   7,   8,   7,   9,   9,  11,  12,  11,  13,  13,  15,  15,  17,  17,  19,  19,  21,  21,  23,  23,  25,  27,  29,  30

  0,   1,   1,   1,   1,   2,   2,   3,   3,   3,   4,   4,   5,   5,   6,   6,   7,   7,   8,   8,   9,   9,  10,  10,  11,  11,  12,  12,  13,  13,  14,  15
  1,   0,   1,   3,   4,   3,   5,   5,   7,   8,   7,   9,   9,  11,  11,  13,  13,  15,  15,  17,  17,  19,  19,  21,  21,  23,  23,  25,  25,  27,  29,  30

  0,   1,   1,   1,   1,   2,   2,   3,   3,   4,   4,   5,   5,   6,   6,   7,   7,   8,   8,   9,   9,  10,  10,  11,  11,  12,  12,  13,  13,  14,  14,  15
  1,   0,   1,   3,   4,   3,   5,   5,   7,   7,   9,   9,  11,  11,  13,  13,  15,  15,  17,  17,  19,  19,  21,  21,  23,  23,  25,  25,  27,  27,  29,  30

  0,   1,   1,   1,   2,   2,   3,   3,   4,   4,   5,   5,   6,   6,   7,   7,   8,   8,   9,   9,  10,  10,  11,  11,  12,  12,  13,  13,  14,  14,  15,  15
  1,   0,   1,   3,   3,   5,   5,   7,   7,   9,   9,  11,  11,  13,  13,  15,  15,  17,  17,  19,  19,  21,  21,  23,  23,  25,  25,  27,  27,  29,  29,  30

  0,   1,   1,   1,   1,   2,   2,   3,   3,   3,   3,   4,   4,   5,   5,   5,   6,   6,   7,   7,   7,   8,   8,   9,   9,   9,  10,  11,  11,  12,  13,  15
  1,   0,   1,   3,   4,   3,   5,   4,   5,   7,   8,   7,   9,   9,  11,  12,  11,  13,  13,  15,  16,  15,  17,  17,  19,  20,  21,  23,  24,  25,  27,  30

  0,   1,   1,   1,   1,   2,   2,   3,   3,   3,   3,   4,   4,   5,   5,   5,   6,   6,   7,   7,   7,   8,   8,   9,   9,   9,  10,  10,  11,  12,  13,  15
  1,   0,   1,   3,   4,   3,   5,   4,   5,   7,   8,   7,   9,   9,  11,  12,  11,  13,  13,  15,  16,  15,  17,  17,  19,  20,  19,  21,  23,  25,  27,  30

  0,   1,   1,   1,   1,   2,   2,   3,   3,   3,   3,   4,   4,   5,   5,   5,   6,   6,   7,   7,   7,   8,   8,   9,   9,  10,  10,  11,  11,  12,  13,  15
  1,   0,   1,   3,   4,   3,   5,   4,   5,   7,   8,   7,   9,   9,  11,  12,  11,  13,  13,  15,  16,  15,  17,  17,  19,  19,  21,  21,  23,  25,  27,  30

  0,   1,   1,   1,   1,   2,   2,   3,   3,   3,   3,   4,   4,   5,   5,   5,   6,   6,   7,   7,   8,   8,   9,   9,  10,  10,  11,  11,  12,  12,  13,  15
  1,   0,   1,   3,   4,   3,   5,   4,   5,   7,   8,   7,   9,   9,  11,  12,  11,  13,  13,  15,  15,  17,  17,  19,  19,  21,  21,  23,  23,  25,  27,  30

  0,   1,   1,   1,   1,   2,   2,   3,   3,   3,   3,   4,   4,   5,   5,   6,   6,   7,   7,   8,   8,   9,   9,  10,  10,  11,  11,  12,  12,  13,  13,  15
  1,   0,   1,   3,   4,   3,   5,   4,   5,   7,   8,   7,   9,   9,  11,  11,  13,  13,  15,  15,  17,  17,  19,  19,  21,  21,  23,  23,  25,  25,  27,  30

  0,   1,   1,   1,   1,   2,   2,   3,   3,   3,   4,   4,   5,   5,   6,   6,   7,   7,   8,   8,   9,   9,  10,  10,  11,  11,  12,  12,  13,  13,  14,  15
  1,   0,   1,   3,   4,   3,   5,   4,   5,   7,   7,   9,   9,  11,  11,  13,  13,  15,  15,  17,  17,  19,  19,  21,  21,  23,  23,  25,  25,  27,  27,  30

  0,   1,   1,   1,   2,   2,   3,   3,   3,   4,   4,   5,   5,   6,   6,   7,   7,   8,   8,   9,   9,  10,  10,  11,  11,  12,  12,  13,  13,  14,  15,  15
  1,   0,   1,   3,   3,   5,   4,   5,   7,   7,   9,   9,  11,  11,  13,  13,  15,  15,  17,  17,  19,  19,  21,  21,  23,  23,  25,  25,  27,  27,  29,  30

  0,   1,   1,   1,   1,   2,   2,   3,   3,   3,   3,   4,   4,   5,   5,   5,   5,   6,   6,   7,   7,   7,   8,   8,   9,   9,   9,  10,  10,  11,  12,  15
  1,   0,   1,   3,   4,   3,   5,   4,   5,   7,   8,   7,   9,   8,   9,  11,  12,  11,  13,  13,  15,  16,  15,  17,  17,  19,  20,  19,  21,  23,  25,  30

  0,   1,   1,   1,   1,   2,   2,   3,   3,   3,   3,   4,   4,   5,   5,   5,   5,   6,   6,   7,   7,   7,   8,   8,   9,   9,  10,  10,  11,  11,  12,  15
  1,   0,   1,   3,   4,   3,   5,   4,   5,   7,   8,   7,   9,   8,   9,  11,  12,  11,  13,  13,  15,  16,  15,  17,  17,  19,  19,  21,  21,  23,  25,  30

  0,   1,   1,   1,   1,   2,   2,   3,   3,   3,   3,   4,   4,   5,   5,   5,   5,   6,   6,   7,   7,   8,   8,   9,   9,  10,  10,  11,  11,  12,  12,  15
  1,   0,   1,   3,   4,   3,   5,   4,   5,   7,   8,   7,   9,   8,   9,  11,  12,  11,  13,  13,  15,  15,  17,  17,  19,  19,  21,  21,  23,  23,  25,  30

  0,   1,   1,   1,   1,   2,   2,   3,   3,   3,   3,   4,   4,   5,   5,   5,   6,   6,   7,   7,   8,   8,   9,   9,  10,  10,  11,  11,  12,  12,  13,  15
  1,   0,   1,   3,   4,   3,   5,   4,   5,   7,   8,   7,   9,   8,   9,  11,  11,  13,  13,  15,  15,  17,  17,  19,  19,  21,  21,  23,  23,  25,  25,  30

  0,   1,   1,   1,   1,   2,   2,   3,   3,   3,   4,   4,   5,   5,   5,   6,   6,   7,   7,   8,   8,   9,   9,  10,  10,  11,  11,  12,  12,  13,  14,  15
  1,   0,   1,   3,   4,   3,   5,   4,   5,   7,   7,   9,   8,   9,  11,  11,  13,  13,  15,  15,  17,  17,  19,  19,  21,  21,  23,  23,  25,  25,  27,  30

  0,   1,   1,   1,   2,   2,   3,   3,   3,   4,   4,   5,   5,   5,   6,   6,   7,   7,   8,   8,   9,   9,  10,  10,  11,  11,  12,  12,  13,  14,  15,  15
  1,   0,   1,   3,   3,   5,   4,   5,   7,   7,   9,   8,   9,  11,  11,  13,  13,  15,  15,  17,  17,  19,  19,  21,  21,  23,  23,  25,  25,  27,  29,  30

  0,   1,   1,   1,   1,   2,   2,   3,   3,   3,   3,   4,   4,   5,   5,   5,   5,   6,   6,   7,   7,   7,   7,   8,   8,   9,   9,  10,  10,  11,  11,  15
  1,   0,   1,   3,   4,   3,   5,   4,   5,   7,   8,   7,   9,   8,   9,  11,  12,  11,  13,  12,  13,  15,  16,  15,  17,  17,  19,  19,  21,  21,  23,  30

  0,   1,   1,   1,   1,   2,   2,   3,   3,   3,   3,   4,   4,   5,   5,   5,   5,   6,   6,   7,   7,   7,   8,   8,   9,   9,  10,  10,  11,  11,  12,  15
  1,   0,   1,   3,   4,   3,   5,   4,   5,   7,   8,   7,   9,   8,   9,  11,  12,  11,  13,  12,  13,  15,  15,  17,  17,  19,  19,  21,  21,  23,  23,  30

  0,   1,   1,   1,   1,   2,   2,   3,   3,   3,   3,   4,   4,   5,   5,   5,   6,   6,   7,   7,   7,   8,   8,   9,   9,  10,  10,  11,  11,  12,  13,  15
  1,   0,   1,   3,   4,   3,   5,   4,   5,   7,   8,   7,   9,   8,   9,  11,  11,  13,  12,  13,  15,  15,  17,  17,  19,  19,  21,  21,  23,  23,  25,  30

  0,   1,   1,   1,   1,   2,   2,   3,   3,   3,   4,   4,   5,   5,   5,   6,   6,   7,   7,   7,   8,   8,   9,   9,  10,  10,  11,  11,  12,  13,  14,  15
  1,   0,   1,   3,   4,   3,   5,   4,   5,   7,   7,   9,   8,   9,  11,  11,  13,  12,  13,  15,  15,  17,  17,  19,  19,  21,  21,  23,  23,  25,  27,  30

  0,   1,   1,   1,   2,   2,   3,   3,   3,   4,   4,   5,   5,   5,   6,   6,   7,   7,   7,   8,   8,   9,   9,  10,  10,  11,  11,  12,  13,  14,  15,  15
  1,   0,   1,   3,   3,   5,   4,   5,   7,   7,   9,   8,   9,  11,  11,  13,  12,  13,  15,  15,  17,  17,  19,  19,  21,  21,  23,  23,  25,  27,  29,  30

  0,   1,   1,   1,   1,   2,   2,   3,   3,   3,   3,   4,   4,   5,   5,   5,   5,   6,   6,   7,   7,   7,   8,   8,   9,   9,   9,  10,  10,  11,  12,  15
  1,   0,   1,   3,   4,   3,   5,   4,   5,   7,   8,   7,   9,   8,   9,  11,  12,  11,  13,  12,  13,  15,  15,  17,  16,  17,  19,  19,  21,  21,  23,  30

  0,   1,   1,   1,   1,   2,   2,   3,   3,   3,   3,   4,   4,   5,   5,   5,   6,   6,   7,   7,   7,   8,   8,   9,   9,   9,  10,  10,  11,  12,  13,  15
  1,   0,   1,   3,   4,   3,   5,   4,   5,   7,   8,   7,   9,   8,   9,  11,  11,  13,  12,  13,  15,  15,  17,  16,  17,  19,  19,  21,  21,  23,  25,  30

  0,   1,   1,   1,   1,   2,   2,   3,   3,   3,   4,   4,   5,   5,   5,   6,   6,   7,   7,   7,   8,   8,   9,   9,   9,  10,  10,  11,  12,  13,  14,  15
  1,   0,   1,   3,   4,   3,   5,   4,   5,   7,   7,   9,   8,   9,  11,  11,  13,  12,  13,  15,  15,  17,  16,  17,  19,  19,  21,  21,  23,  25,  27,  30

  0,   1,   1,   1,   2,   2,   3,   3,   3,   4,   4,   5,   5,   5,   6,   6,   7,   7,   7,   8,   8,   9,   9,   9,  10,  10,  11,  12,  13,  14,  15,  15
  1,   0,   1,   3,   3,   5,   4,   5,   7,   7,   9,   8,   9,  11,  11,  13,  12,  13,  15,  15,  17,  16,  17,  19,  19,  21,  21,  23,  25,  27,  29,  30

  0,   1,   1,   1,   1,   2,   2,   3,   3,   3,   3,   4,   4,   5,   5,   5,   6,   6,   7,   7,   7,   8,   8,   9,   9,   9,  10,  11,  11,  12,  13,  15
  1,   0,   1,   3,   4,   3,   5,   4,   5,   7,   8,   7,   9,   8,   9,  11,  11,  13,  12,  13,  15,  15,  17,  16,  17,  19,  19,  20,  21,  23,  25,  30

  0,   1,   1,   1,   1,   2,   2,   3,   3,   3,   4,   4,   5,   5,   5,   6,   6,   7,   7,   7,   8,   8,   9,   9,   9,  10,  11,  11,  12,  13,  14,  15
  1,   0,   1,   3,   4,   3,   5,   4,   5,   7,   7,   9,   8,   9,  11,  11,  13,  12,  13,  15,  15,  17,  16,  17,  19,  19,  20,  21,  23,  25,  27,  30

  0,   1,   1,   1,   2,   2,   3,   3,   3,   4,   4,   5,   5,   5,   6,   6,   7,   7,   7,   8,   8,   9,   9,   9,  10,  11,  11,  12,  13,  14,  15,  15
  1,   0,   1,   3,   3,   5,   4,   5,   7,   7,   9,   8,   9,  11,  11,  13,  12,  13,  15,  15,  17,  16,  17,  19,  19,  20,  21,  23,  25,  27,  29,  30

  0,   1,   1,   1,   1,   2,   2,   3,   3,   3,   4,   4,   5,   5,   5,   6,   6,   7,   7,   7,   8,   8,   9,   9,  10,  11,  11,  12,  13,  13,  14,  15
  1,   0,   1,   3,   4,   3,   5,   4,   5,   7,   7,   9,   8,   9,  11,  11,  13,  12,  13,  15,  15,  17,  16,  17,  19,  20,  21,  23,  24,  25,  27,  30

  0,   1,   1,   1,   2,   2,   3,   3,   3,   4,   4,   5,   5,   5,   6,   6,   7,   7,   7,   8,   8,   9,   9,  10,  11,  11,  12,  13,  13,  14,  15,  15
  1,   0,   1,   3,   3,   5,   4,   5,   7,   7,   9,   8,   9,  11,  11,  13,  12,  13,  15,  15,  17,  16,  17,  19,  20,  21,  23,  24,  25,  27,  29,  30

  0,   1,   1,   1,   2,   2,   3,   3,   3,   4,   4,   5,   5,   5,   6,   6,   7,   7,   7,   8,   9,   9,  10,  11,  11,  12,  13,  13,  14,  15,  15,  15
  1,   0,   1,   3,   3,   5,   4,   5,   7,   7,   9,   8,   9,  11,  11,  13,  12,  13,  15,  15,  16,  17,  19,  20,  21,  23,  24,  25,  27,  28,  29,  30

  0,   1,   1,   1,   1,   1,   1,   1,   1,   1,   1,   1,   1,   1,   1,   1,   1,   1,   1,   1,   1,   1,   1,   2,   2,   2,   2,   2,   2,   2,   2,   2
 15, -15, -14, -13, -12, -11, -10,  -9,  -8,  -7,  -6,  -5,  -4,  -3,  -2,  -1,   1,   2,   3,   4,   5,   6,   7, -15, -13, -11,  -9,  -7,  -5,  -3,  -1,   0

  0,   1,   1,   1,   1,   1,   1,   1,   1,   1,   1,   1,   1,   1,   1,   1,   1,   1,   1,   1,   1,   1,   1,   2,   2,   2,   2,   2,   2,   2,   2,   2
 15,  -7,  -6,  -5,  -4,  -3,  -2,  -1,   1,   2,   3,   4,   5,   6,   7,   8,   9,  10,  11,  12,  13,  14,  15,   0,   1,   3,   5,   7,   9,  11,  13,  15

  0,   1,   1,   1,   1,   1,   1,   1,   1,   1,   1,   1,   1,   1,   1,   1,   1,   1,   1,   1,   1,   1,   1,   1,   2,   2,   2,   2,   2,   2,   2,   2
 15,  -8,  -7,  -6,  -5,  -4,  -3,  -2,  -1,   1,   2,   3,   4,   5,   6,   7,   8,   9,  10,  11,  12,  13,  14,  15,   0,   1,   3,   5,   7,   9,  11,  13

  0,   1,   1,   1,   1,   1,   1,   1,   1,   1,   1,   1,   1,   1,   1,   1,   1,   1,   1,   1,   1,   1,   1,   1,   1,   2,   2,   2,   2,   2,   2,   2
 15,  -9,  -8,  -7,  -6,  -5,  -4,  -3,  -2,  -1,   1,   2,   3,   4,   5,   6,   7,   8,   9,  10,  11,  12,  13,  14,  15,   0,   1,   3,   5,   7,   9,  11

  0,   1,   1,   1,   1,   1,   1,   1,   1,   1,   1,   1,   1,   1,   1,   1,   1,   1,   1,   1,   1,   1,   1,   1,   1,   1,   2,   2,   2,   2,   2,   2
 15, -10,  -9,  -8,  -7,  -6,  -5,  -4,  -3,  -2,  -1,   1,   2,   3,   4,   5,   6,   7,   8,   9,  10,  11,  12,  13,  14,  15,   0,   1,   3,   5,   7,   9

  0,   1,   1,   1,   1,   1,   1,   1,   1,   1,   1,   1,   1,   1,   1,   1,   1,   1,   1,   1,   1,   1,   1,   1,   1,   1,   1,   2,   2,   2,   2,   2
 15, -11, -10,  -9,  -8,  -7,  -6,  -5,  -4,  -3,  -2,  -1,   1,   2,   3,   4,   5,   6,   7,   8,   9,  10,  11,  12,  13,  14,  15,   0,   1,   3,   5,   7

  0,   1,   1,   1,   1,   1,   1,   1,   1,   1,   1,   1,   1,   1,   1,   1,   1,   1,   1,   1,   1,   1,   1,   2,   2,   2,   2,   2,   2,   2,   2,   2
 15,  -8,  -7,  -6,  -5,  -4,  -3,  -2,  -1,   1,   2,   3,   4,   5,   6,   7,   8,   9,  10,  11,  12,  13,  14,  -1,   0,   1,   3,   5,   7,   9,  11,  13

  0,   1,   1,   1,   1,   1,   1,   1,   1,   1,   1,   1,   1,   1,   1,   1,   1,   1,   1,   1,   1,   1,   1,   1,   2,   2,   2,   2,   2,   2,   2,   2
 15,  -9,  -8,  -7,  -6,  -5,  -4,  -3,  -2,  -1,   1,   2,   3,   4,   5,   6,   7,   8,   9,  10,  11,  12,  13,  14,  -1,   0,   1,   3,   5,   7,   9,  11

  0,   1,   1,   1,   1,   1,   1,   1,   1,   1,   1,   1,   1,   1,   1,   1,   1,   1,   1,   1,   1,   1,   1,   1,   1,   2,   2,   2,   2,   2,   2,   2
 15, -10,  -9,  -8,  -7,  -6,  -5,  -4,  -3,  -2,  -1,   1,   2,   3,   4,   5,   6,   7,   8,   9,  10,  11,  12,  13,  14,  -1,   0,   1,   3,   5,   7,   9

  0,   1,   1,   1,   1,   1,   1,   1,   1,   1,   1,   1,   1,   1,   1,   1,   1,   1,   1,   1,   1,   1,   1,   1,   1,   1,   2,   2,   2,   2,   2,   2
 15, -11, -10,  -9,  -8,  -7,  -6,  -5,  -4,  -3,  -2,  -1,   1,   2,   3,   4,   5,   6,   7,   8,   9,  10,  11,  12,  13,  14,  -1,   0,   1,   3,   5,   7

  0,   1,   1,   1,   1,   1,   1,   1,   1,   1,   1,   1,   1,   1,   1,   1,   1,   1,   1,   1,   1,   1,   1,   1,   1,   1,   1,   1,   2,   2,   2,   2
 15, -12, -11, -10,  -9,  -8,  -7,  -6,  -5,  -4,  -3,  -2,  -1,   1,   2,   3,   4,   5,   6,   7,   8,   9,  10,  11,  12,  13,  14,  15,   0,   1,   3,   5

  0,   1,   1,   1,   1,   1,   1,   1,   1,   1,   1,   1,   1,   1,   1,   1,   1,   1,   1,   1,   1,   1,   1,   1,   1,   1,   1,   2,   2,   2,   2,   2
 15, -12, -11, -10,  -9,  -8,  -7,  -6,  -5,  -4,  -3,  -2,  -1,   1,   2,   3,   4,   5,   6,   7,   8,   9,  10,  11,  12,  13,  14,  -1,   0,   1,   3,   5

  0,   1,   1,   1,   1,   1,   1,   1,   1,   1,   1,   1,   1,   1,   1,   1,   1,   1,   1,   1,   1,   1,   1,   2,   2,   2,   2,   2,   2,   2,   2,   2
 15,  -9,  -8,  -7,  -6,  -5,  -4,  -3,  -2,  -1,   1,   2,   3,   4,   5,   6,   7,   8,   9,  10,  11,  12,  13,  -3,  -1,   0,   1,   3,   5,   7,   9,  11

  0,   1,   1,   1,   1,   1,   1,   1,   1,   1,   1,   1,   1,   1,   1,   1,   1,   1,   1,   1,   1,   1,   1,   1,   2,   2,   2,   2,   2,   2,   2,   2
 15, -10,  -9,  -8,  -7,  -6,  -5,  -4,  -3,  -2,  -1,   1,   2,   3,   4,   5,   6,   7,   8,   9,  10,  11,  12,  13,  -3,  -1,   0,   1,   3,   5,   7,   9

  0,   1,   1,   1,   1,   1,   1,   1,   1,   1,   1,   1,   1,   1,   1,   1,   1,   1,   1,   1,   1,   1,   1,   1,   1,   2,   2,   2,   2,   2,   2,   2
 15, -11, -10,  -9,  -8,  -7,  -6,  -5,  -4,  -3,  -2,  -1,   1,   2,   3,   4,   5,   6,   7,   8,   9,  10,  11,  12,  13,  -3,  -1,   0,   1,   3,   5,   7

  0,   1,   1,   1,   1,   1,   1,   1,   1,   1,   1,   1,   1,   1,   1,   1,   1,   1,   1,   1,   1,   1,   1,   1,   1,   1,   2,   2,   2,   2,   2,   2
 15, -12, -11, -10,  -9,  -8,  -7,  -6,  -5,  -4,  -3,  -2,  -1,   1,   2,   3,   4,   5,   6,   7,   8,   9,  10,  11,  12,  13,  -3,  -1,   0,   1,   3,   5

  0,   1,   1,   1,   1,   1,   1,   1,   1,   1,   1,   1,   1,   1,   1,   1,   1,   1,   1,   1,   1,   1,   1,   2,   2,   2,   2,   2,   2,   2,   2,   2
 15, -10,  -9,  -8,  -7,  -6,  -5,  -4,  -3,  -2,  -1,   1,   2,   3,   4,   5,   6,   7,   8,   9,  10,  11,  12,  -5,  -3,  -1,   0,   1,   3,   5,   7,   9

  0,   1,   1,   1,   1,   1,   1,   1,   1,   1,   1,   1,   1,   1,   1,   1,   1,   1,   1,   1,   1,   1,   1,   1,   2,   2,   2,   2,   2,   2,   2,   2
 15, -11, -10,  -9,  -8,  -7,  -6,  -5,  -4,  -3,  -2,  -1,   1,   2,   3,   4,   5,   6,   7,   8,   9,  10,  11,  12,  -5,  -3,  -1,   0,   1,   3,   5,   7

  0,   1,   1,   1,   1,   1,   1,   1,   1,   1,   1,   1,   1,   1,   1,   1,   1,   1,   1,   1,   1,   1,   1,   1,   1,   2,   2,   2,   2,   2,   2,   2
 15, -12, -11, -10,  -9,  -8,  -7,  -6,  -5,  -4,  -3,  -2,  -1,   1,   2,   3,   4,   5,   6,   7,   8,   9,  10,  11,  12,  -5,  -3,  -1,   0,   1,   3,   5

  0,   1,   1,   1,   1,   1,   1,   1,   1,   1,   1,   1,   1,   1,   1,   1,   1,   1,   1,   1,   1,   1,   1,   1,   1,   1,   1,   1,   1,   2,   2,   2
 15, -13, -12, -11, -10,  -9,  -8,  -7,  -6,  -5,  -4,  -3,  -2,  -1,   1,   2,   3,   4,   5,   6,   7,   8,   9,  10,  11,  12,  13,  14,  15,   0,   1,   3

  0,   1,   1,   1,   1,   1,   1,   1,   1,   1,   1,   1,   1,   1,   1,   1,   1,   1,   1,   1,   1,   1,   1,   1,   1,   1,   1,   1,   2,   2,   2,   2
 15, -13, -12, -11, -10,  -9,  -8,  -7,  -6,  -5,  -4,  -3,  -2,  -1,   1,   2,   3,   4,   5,   6,   7,   8,   9,  10,  11,  12,  13,  14,  -1,   0,   1,   3

  0,   1,   1,   1,   1,   1,   1,   1,   1,   1,   1,   1,   1,   1,   1,   1,   1,   1,   1,   1,   1,   1,   1,   1,   1,   1,   1,   2,   2,   2,   2,   2
 15, -13, -12, -11, -10,  -9,  -8,  -7,  -6,  -5,  -4,  -3,  -2,  -1,   1,   2,   3,   4,   5,   6,   7,   8,   9,  10,  11,  12,  13,  -3,  -1,   0,   1,   3

  0,   1,   1,   1,   1,   1,   1,   1,   1,   1,   1,   1,   1,   1,   1,   1,   1,   1,   1,   1,   1,   1,   1,   1,   1,   1,   2,   2,   2,   2,   2,   2
 15, -13, -12, -11, -10,  -9,  -8,  -7,  -6,  -5,  -4,  -3,  -2,  -1,   1,   2,   3,   4,   5,   6,   7,   8,   9,  10,  11,  12,  -5,  -3,  -1,   0,   1,   3

  0,   1,   1,   1,   1,   1,   1,   1,   1,   1,   1,   1,   1,   1,   1,   1,   1,   1,   1,   1,   1,   1,   1,   2,   2,   2,   2,   2,   2,   2,   2,   2
 15, -11, -10,  -9,  -8,  -7,  -6,  -5,  -4,  -3,  -2,  -1,   1,   2,   3,   4,   5,   6,   7,   8,   9,  10,  11,  -7,  -5,  -3,  -1,   0,   1,   3,   5,   7

  0,   1,   1,   1,   1,   1,   1,   1,   1,   1,   1,   1,   1,   1,   1,   1,   1,   1,   1,   1,   1,   1,   1,   1,   2,   2,   2,   2,   2,   2,   2,   2
 15, -12, -11, -10,  -9,  -8,  -7,  -6,  -5,  -4,  -3,  -2,  -1,   1,   2,   3,   4,   5,   6,   7,   8,   9,  10,  11,  -7,  -5,  -3,  -1,   0,   1,   3,   5

  0,   1,   1,   1,   1,   1,   1,   1,   1,   1,   1,   1,   1,   1,   1,   1,   1,   1,   1,   1,   1,   1,   1,   1,   1,   2,   2,   2,   2,   2,   2,   2
 15, -13, -12, -11, -10,  -9,  -8,  -7,  -6,  -5,  -4,  -3,  -2,  -1,   1,   2,   3,   4,   5,   6,   7,   8,   9,  10,  11,  -7,  -5,  -3,  -1,   0,   1,   3

  0,   1,   1,   1,   1,   1,   1,   1,   1,   1,   1,   1,   1,   1,   1,   1,   1,   1,   1,   1,   1,   1,   1,   2,   2,   2,   2,   2,   2,   2,   2,   2
 15, -12, -11, -10,  -9,  -8,  -7,  -6,  -5,  -4,  -3,  -2,  -1,   1,   2,   3,   4,   5,   6,   7,   8,   9,  10,  -9,  -7,  -5,  -3,  -1,   0,   1,   3,   5

  0,   1,   1,   1,   1,   1,   1,   1,   1,   1,   1,   1,   1,   1,   1,   1,   1,   1,   1,   1,   1,   1,   1,   1,   2,   2,   2,   2,   2,   2,   2,   2
 15, -13, -12, -11, -10,  -9,  -8,  -7,  -6,  -5,  -4,  -3,  -2,  -1,   1,   2,   3,   4,   5,   6,   7,   8,   9,  10,  -9,  -7,  -5,  -3,  -1,   0,   1,   3

  0,   1,   1,   1,   1,   1,   1,   1,   1,   1,   1,   1,   1,   1,   1,   1,   1,   1,   1,   1,   1,   1,   1,   1,   1,   1,   1,   1,   1,   1,   2,   2
 15, -14, -13, -12, -11, -10,  -9,  -8,  -7,  -6,  -5,  -4,  -3,  -2,  -1,   1,   2,   3,   4,   5,   6,   7,   8,   9,  10,  11,  12,  13,  14,  15,   0,   1

  0,   1,   1,   1,   1,   1,   1,   1,   1,   1,   1,   1,   1,   1,   1,   1,   1,   1,   1,   1,   1,   1,   1,   1,   1,   1,   1,   1,   1,   2,   2,   2
 15, -14, -13, -12, -11, -10,  -9,  -8,  -7,  -6,  -5,  -4,  -3,  -2,  -1,   1,   2,   3,   4,   5,   6,   7,   8,   9,  10,  11,  12,  13,  14,  -1,   0,   1

  0,   1,   1,   1,   1,   1,   1,   1,   1,   1,   1,   1,   1,   1,   1,   1,   1,   1,   1,   1,   1,   1,   1,   1,   1,   1,   1,   1,   2,   2,   2,   2
 15, -14, -13, -12, -11, -10,  -9,  -8,  -7,  -6,  -5,  -4,  -3,  -2,  -1,   1,   2,   3,   4,   5,   6,   7,   8,   9,  10,  11,  12,  13,  -3,  -1,   0,   1

  0,   1,   1,   1,   1,   1,   1,   1,   1,   1,   1,   1,   1,   1,   1,   1,   1,   1,   1,   1,   1,   1,   1,   1,   1,   1,   1,   2,   2,   2,   2,   2
 15, -14, -13, -12, -11, -10,  -9,  -8,  -7,  -6,  -5,  -4,  -3,  -2,  -1,   1,   2,   3,   4,   5,   6,   7,   8,   9,  10,  11,  12,  -5,  -3,  -1,   0,   1

  0,   1,   1,   1,   1,   1,   1,   1,   1,   1,   1,   1,   1,   1,   1,   1,   1,   1,   1,   1,   1,   1,   1,   1,   1,   1,   2,   2,   2,   2,   2,   2
 15, -14, -13, -12, -11, -10,  -9,  -8,  -7,  -6,  -5,  -4,  -3,  -2,  -1,   1,   2,   3,   4,   5,   6,   7,   8,   9,  10,  11,  -7,  -5,  -3,  -1,   0,   1

  0,   1,   1,   1,   1,   1,   1,   1,   1,   1,   1,   1,   1,   1,   1,   1,   1,   1,   1,   1,   1,   1,   1,   1,   1,   2,   2,   2,   2,   2,   2,   2
 15, -14, -13, -12, -11, -10,  -9,  -8,  -7,  -6,  -5,  -4,  -3,  -2,  -1,   1,   2,   3,   4,   5,   6,   7,   8,   9,  10,  -9,  -7,  -5,  -3,  -1,   0,   1

  0,   1,   1,   1,   1,   1,   1,   1,   1,   1,   1,   1,   1,   1,   1,   1,   1,   1,   1,   1,   1,   1,   1,   2,   2,   2,   2,   2,   2,   2,   2,   2
 15, -13, -12, -11, -10,  -9,  -8,  -7,  -6,  -5,  -4,  -3,  -2,  -1,   1,   2,   3,   4,   5,   6,   7,   8,   9, -11,  -9,  -7,  -5,  -3,  -1,   0,   1,   3

  0,   1,   1,   1,   1,   1,   1,   1,   1,   1,   1,   1,   1,   1,   1,   1,   1,   1,   1,   1,   1,   1,   1,   1,   2,   2,   2,   2,   2,   2,   2,   2
 15, -14, -13, -12, -11, -10,  -9,  -8,  -7,  -6,  -5,  -4,  -3,  -2,  -1,   1,   2,   3,   4,   5,   6,   7,   8,   9, -11,  -9,  -7,  -5,  -3,  -1,   0,   1

  0,   1,   1,   1,   1,   1,   1,   1,   1,   1,   1,   1,   1,   1,   1,   1,   1,   1,   1,   1,   1,   1,   1,   2,   2,   2,   2,   2,   2,   2,   2,   2
 15, -14, -13, -12, -11, -10,  -9,  -8,  -7,  -6,  -5,  -4,  -3,  -2,  -1,   1,   2,   3,   4,   5,   6,   7,   8, -13, -11,  -9,  -7,  -5,  -3,  -1,   0,   1

  0,   1,   1,   1,   1,   1,   1,   1,   1,   1,   1,   1,   1,   1,   1,   1,   1,   1,   1,   1,   1,   1,   1,   1,   1,   1,   1,   1,   1,   1,   1,   2
 15, -15, -14, -13, -12, -11, -10,  -9,  -8,  -7,  -6,  -5,  -4,  -3,  -2,  -1,   1,   2,   3,   4,   5,   6,   7,   8,   9,  10,  11,  12,  13,  14,  15,   0

  0,   1,   1,   1,   1,   1,   1,   1,   1,   1,   1,   1,   1,   1,   1,   1,   1,   1,   1,   1,   1,   1,   1,   1,   1,   1,   1,   1,   1,   1,   2,   2
 15, -15, -14, -13, -12, -11, -10,  -9,  -8,  -7,  -6,  -5,  -4,  -3,  -2,  -1,   1,   2,   3,   4,   5,   6,   7,   8,   9,  10,  11,  12,  13,  14,  -1,   0

  0,   1,   1,   1,   1,   1,   1,   1,   1,   1,   1,   1,   1,   1,   1,   1,   1,   1,   1,   1,   1,   1,   1,   1,   1,   1,   1,   1,   1,   2,   2,   2
 15, -15, -14, -13, -12, -11, -10,  -9,  -8,  -7,  -6,  -5,  -4,  -3,  -2,  -1,   1,   2,   3,   4,   5,   6,   7,   8,   9,  10,  11,  12,  13,  -3,  -1,   0

  0,   1,   1,   1,   1,   1,   1,   1,   1,   1,   1,   1,   1,   1,   1,   1,   1,   1,   1,   1,   1,   1,   1,   1,   1,   1,   1,   1,   2,   2,   2,   2
 15, -15, -14, -13, -12, -11, -10,  -9,  -8,  -7,  -6,  -5,  -4,  -3,  -2,  -1,   1,   2,   3,   4,   5,   6,   7,   8,   9,  10,  11,  12,  -5,  -3,  -1,   0

  0,   1,   1,   1,   1,   1,   1,   1,   1,   1,   1,   1,   1,   1,   1,   1,   1,   1,   1,   1,   1,   1,   1,   1,   1,   1,   1,   2,   2,   2,   2,   2
 15, -15, -14, -13, -12, -11, -10,  -9,  -8,  -7,  -6,  -5,  -4,  -3,  -2,  -1,   1,   2,   3,   4,   5,   6,   7,   8,   9,  10,  11,  -7,  -5,  -3,  -1,   0

  0,   1,   1,   1,   1,   1,   1,   1,   1,   1,   1,   1,   1,   1,   1,   1,   1,   1,   1,   1,   1,   1,   1,   1,   1,   1,   2,   2,   2,   2,   2,   2
 15, -15, -14, -13, -12, -11, -10,  -9,  -8,  -7,  -6,  -5,  -4,  -3,  -2,  -1,   1,   2,   3,   4,   5,   6,   7,   8,   9,  10,  -9,  -7,  -5,  -3,  -1,   0

  0,   1,   1,   1,   1,   1,   1,   1,   1,   1,   1,   1,   1,   1,   1,   1,   1,   1,   1,   1,   1,   1,   1,   1,   1,   2,   2,   2,   2,   2,   2,   2
 15, -15, -14, -13, -12, -11, -10,  -9,  -8,  -7,  -6,  -5,  -4,  -3,  -2,  -1,   1,   2,   3,   4,   5,   6,   7,   8,   9, -11,  -9,  -7,  -5,  -3,  -1,   0

  0,   1,   1,   1,   1,   1,   1,   1,   1,   1,   1,   1,   1,   1,   1,   1,   1,   1,   1,   1,   1,   1,   1,   1,   2,   2,   2,   2,   2,   2,   2,   2
 15, -15, -14, -13, -12, -11, -10,  -9,  -8,  -7,  -6,  -5,  -4,  -3,  -2,  -1,   1,   2,   3,   4,   5,   6,   7,   8, -13, -11,  -9,  -7,  -5,  -3,  -1,   0

  0,   1,   1,   1,   1,   1,   1,   1,   1,   1,   1,   1,   1,   1,   1,   1,   1,   1,   2,   2,   2,   2,   2,   2,   2,   2,   2,   3,   3,   3,   3,   3
  1,  -5,  -4,  -3,  -2,  -1,   1,   2,   3,   4,   6,   7,   8,   9,  10,  11,  12,  13,   0,   1,   3,   5,   7,   9,  11,  13,  15,  10,  11,  13,  14,  15

  0,   1,   1,   1,   1,   1,   1,   1,   1,   1,   1,   1,   1,   1,   1,   1,   1,   2,   2,   2,   2,   2,   2,   2,   2,   2,   3,   3,   3,   3,   3,   3
  1,  -5,  -4,  -3,  -2,  -1,   1,   2,   3,   4,   6,   7,   8,   9,  10,  11,  12,   0,   1,   3,   5,   7,   9,  11,  13,  15,   8,  10,  11,  13,  14,  15

  0,   1,   1,   1,   1,   1,   1,   1,   1,   1,   1,   1,   1,   1,   1,   1,   1,   2,   2,   2,   2,   2,   2,   2,   2,   3,   3,   3,   3,   3,   3,   3
  1,  -5,  -4,  -3,  -2,  -1,   1,   2,   3,   4,   6,   7,   8,   9,  10,  11,  12,   0,   1,   3,   5,   7,   9,  11,  13,   7,   8,  10,  11,  13,  14,  15

  0,   1,   1,   1,   1,   1,   1,   1,   1,   1,   1,   1,   1,   1,   1,   1,   2,   2,   2,   2,   2,   2,   2,   2,   3,   3,   3,   3,   3,   3,   3,   3
  1,  -5,  -4,  -3,  -2,  -1,   1,   2,   3,   4,   6,   7,   8,   9,  10,  11,   0,   1,   3,   5,   7,   9,  11,  13,   5,   7,   8,  10,  11,  13,  14,  15

  0,   1,   1,   1,   1,   1,   1,   1,   1,   1,   1,   1,   1,   1,   2,   2,   2,   2,   2,   2,   2,   2,   3,   3,   3,   3,   3,   3,   3,   3,   4,   4
  1,  -4,  -3,  -2,  -1,   1,   2,   3,   4,   6,   7,   8,   9,  10,   0,   1,   3,   5,   7,   9,  11,  13,   5,   7,   8,  10,  11,  13,  14,  15,  11,  13

  0,   1,   1,   1,   1,   1,   1,   1,   1,   1,   1,   1,   1,   2,   2,   2,   2,   2,   2,   2,   2,   3,   3,   3,   3,   3,   3,   3,   3,   4,   4,   4
  1,  -3,  -2,  -1,   1,   2,   3,   4,   6,   7,   8,   9,  10,   0,   1,   3,   5,   7,   9,  11,  13,   5,   7,   8,  10,  11,  13,  14,  15,  11,  13,  15

  0,   1,   1,   1,   1,   1,   1,   1,   1,   1,   1,   1,   2,   2,   2,   2,   2,   2,   2,   3,   3,   3,   3,   3,   3,   3,   3,   4,   4,   4,   4,   5
  1,  -3,  -2,  -1,   1,   2,   4,   5,   6,   7,   8,   9,   0,   1,   3,   5,   7,   9,  11,   4,   5,   7,   8,  10,  11,  13,  14,   9,  11,  13,  15,  15

  0,   1,   1,   1,   1,   1,   1,   1,   1,   1,   1,   2,   2,   2,   2,   2,   2,   2,   3,   3,   3,   3,   3,   3,   3,   3,   4,   4,   4,   4,   5,   5
  1,  -3,  -2,  -1,   1,   2,   4,   5,   6,   7,   8,   0,   1,   3,   5,   7,   9,  11,   4,   5,   7,   8,  10,  11,  13,  14,   9,  11,  13,  15,  14,  15

  0,   1,   1,   1,   1,   1,   1,   1,   1,   1,   1,   2,   2,   2,   2,   2,   2,   2,   3,   3,   3,   3,   3,   3,   3,   4,   4,   4,   4,   5,   5,   5
  1,  -3,  -2,  -1,   1,   2,   4,   5,   6,   7,   8,   0,   1,   3,   5,   7,   9,  11,   4,   5,   7,   8,  10,  11,  13,   9,  11,  13,  15,  13,  14,  15

  0,   1,   1,   1,   1,   1,   1,   1,   1,   1,   1,   2,   2,   2,   2,   2,   2,   3,   3,   3,   3,   3,   3,   3,   4,   4,   4,   4,   5,   5,   5,   5
  1,  -3,  -2,  -1,   1,   2,   4,   5,   6,   7,   8,   0,   1,   3,   5,   7,   9,   4,   5,   7,   8,  10,  11,  13,   9,  11,  13,  15,  12,  13,  14,  15

  0,   1,   1,   1,   1,   1,   1,   1,   1,   1,   1,   2,   2,   2,   2,   2,   2,   3,   3,   3,   3,   3,   3,   4,   4,   4,   4,   5,   5,   5,   5,   5
  1,  -3,  -2,  -1,   1,   2,   4,   5,   6,   7,   8,   0,   1,   3,   5,   7,   9,   4,   5,   7,   8,  10,  11,   7,   9,  11,  13,  11,  12,  13,  14,  15

  0,   1,   1,   1,   1,   1,   1,   1,   1,   1,   2,   2,   2,   2,   2,   2,   3,   3,   3,   3,   3,   3,   4,   4,   4,   4,   5,   5,   5,   5,   5,   5
  1,  -3,  -2,  -1,   1,   2,   4,   5,   6,   7,   0,   1,   3,   5,   7,   9,   4,   5,   7,   8,  10,  11,   7,   9,  11,  13,   9,  11,  12,  13,  14,  15

  0,   1,   1,   1,   1,   1,   1,   1,   1,   2,   2,   2,   2,   2,   2,   3,   3,   3,   3,   3,   3,   4,   4,   4,   4,   5,   5,   5,   5,   5,   5,   6
  1,  -2,  -1,   1,   2,   4,   5,   6,   7,   0,   1,   3,   5,   7,   9,   4,   5,   7,   8,  10,  11,   7,   9,  11,  13,   9,  11,  12,  13,  14,  15,  13

  0,   1,   1,   1,   1,   1,   1,   1,   1,   1,   2,   2,   2,   2,   2,   3,   3,   3,   3,   3,   3,   4,   4,   4,   4,   5,   5,   5,   5,   5,   6,   6
  1,  -2,  -1,   1,   2,   3,   4,   5,   6,   7,   0,   1,   3,   7,   9,   4,   5,   7,   8,  10,  11,   7,   9,  11,  13,   9,  11,  12,  13,  14,  13,  15

  0,   1,   1,   1,   1,   1,   1,   1,   1,   1,   1,   1,   1,   1,   1,   1,   1,   2,   2,   2,   2,   2,   2,   2,   3,   3,   3,   3,   3,   3,   3,   3
 10, -10,  -9,  -8,  -7,  -6,  -5,  -4,  -3,  -2,  -1,   1,   2,   3,   4,   5,   6,  -9,  -7,  -5,  -3,  -1,   1,   3, -10,  -8,  -7,  -5,  -4,  -2,  -1,   0

  0,   1,   1,   1,   1,   1,   1,   1,   1,   1,   1,   1,   1,   1,   1,   1,   1,   2,   2,   2,   2,   2,   2,   2,   3,   3,   3,   3,   3,   3,   3,   3
 10,  -6,  -5,  -4,  -3,  -2,  -1,   1,   2,   3,   4,   5,   6,   7,   8,   9,  10,  -3,  -1,   1,   3,   5,   7,   9,   0,   1,   2,   4,   5,   7,   8,  10

  0,   1,   1,   1,   1,   1,   1,   1,   1,   1,   1,   1,   1,   1,   1,   1,   1,   1,   2,   2,   2,   2,   2,   2,   2,   3,   3,   3,   3,   3,   3,   3
 10,  -7,  -6,  -5,  -4,  -3,  -2,  -1,   1,   2,   3,   4,   5,   6,   7,   8,   9,  10,  -3,  -1,   1,   3,   5,   7,   9,   0,   1,   2,   4,   5,   7,   8

  0,   1,   1,   1,   1,   1,   1,   1,   1,   1,   1,   1,   1,   1,   1,   1,   1,   1,   2,   2,   2,   2,   2,   2,   2,   2,   3,   3,   3,   3,   3,   3
 10,  -7,  -6,  -5,  -4,  -3,  -2,  -1,   1,   2,   3,   4,   5,   6,   7,   8,   9,  10,  -5,  -3,  -1,   1,   3,   5,   7,   9,   0,   1,   2,   4,   5,   7

  0,   1,   1,   1,   1,   1,   1,   1,   1,   1,   1,   1,   1,   1,   1,   1,   1,   1,   1,   2,   2,   2,   2,   2,   2,   2,   2,   3,   3,   3,   3,   3
 10,  -8,  -7,  -6,  -5,  -4,  -3,  -2,  -1,   1,   2,   3,   4,   5,   6,   7,   8,   9,  10,  -5,  -3,  -1,   1,   3,   5,   7,   9,   0,   1,   2,   4,   5

  0,   1,   1,   1,   1,   1,   1,   1,   1,   1,   1,   1,   1,   1,   1,   1,   1,   2,   2,   2,   2,   2,   2,   2,   3,   3,   3,   3,   3,   3,   3,   3
 10,  -7,  -6,  -5,  -4,  -3,  -2,  -1,   1,   2,   3,   4,   5,   6,   7,   8,   9,  -3,  -1,   1,   3,   5,   7,   9,  -1,   0,   1,   2,   4,   5,   7,   8

  0,   1,   1,   1,   1,   1,   1,   1,   1,   1,   1,   1,   1,   1,   1,   1,   1,   2,   2,   2,   2,   2,   2,   2,   2,   3,   3,   3,   3,   3,   3,   3
 10,  -7,  -6,  -5,  -4,  -3,  -2,  -1,   1,   2,   3,   4,   5,   6,   7,   8,   9,  -5,  -3,  -1,   1,   3,   5,   7,   9,  -1,   0,   1,   2,   4,   5,   7

  0,   1,   1,   1,   1,   1,   1,   1,   1,   1,   1,   1,   1,   1,   1,   1,   1,   1,   2,   2,   2,   2,   2,   2,   2,   2,   3,   3,   3,   3,   3,   3
 10,  -8,  -7,  -6,  -5,  -4,  -3,  -2,  -1,   1,   2,   3,   4,   5,   6,   7,   8,   9,  -5,  -3,  -1,   1,   3,   5,   7,   9,  -1,   0,   1,   2,   4,   5

  0,   1,   1,   1,   1,   1,   1,   1,   1,   1,   1,   1,   1,   1,   1,   1,   1,   2,   2,   2,   2,   2,   2,   3,   3,   3,   3,   3,   3,   3,   3,   3
 10,  -7,  -6,  -5,  -4,  -3,  -2,  -1,   1,   2,   3,   4,   5,   6,   7,   8,   9,  -3,  -1,   1,   3,   5,   7,  -2,  -1,   0,   1,   2,   4,   5,   7,   8

  0,   1,   1,   1,   1,   1,   1,   1,   1,   1,   1,   1,   1,   1,   1,   1,   1,   2,   2,   2,   2,   2,   2,   2,   3,   3,   3,   3,   3,   3,   3,   3
 10,  -7,  -6,  -5,  -4,  -3,  -2,  -1,   1,   2,   3,   4,   5,   6,   7,   8,   9,  -5,  -3,  -1,   1,   3,   5,   7,  -2,  -1,   0,   1,   2,   4,   5,   7

  0,   1,   1,   1,   1,   1,   1,   1,   1,   1,   1,   1,   1,   1,   1,   1,   1,   1,   2,   2,   2,   2,   2,   2,   2,   3,   3,   3,   3,   3,   3,   3
 10,  -8,  -7,  -6,  -5,  -4,  -3,  -2,  -1,   1,   2,   3,   4,   5,   6,   7,   8,   9,  -5,  -3,  -1,   1,   3,   5,   7,  -2,  -1,   0,   1,   2,   4,   5

  0,   1,   1,   1,   1,   1,   1,   1,   1,   1,   1,   1,   1,   1,   1,   1,   1,   2,   2,   2,   2,   2,   2,   2,   3,   3,   3,   3,   3,   3,   3,   3
 10,  -8,  -7,  -6,  -5,  -4,  -3,  -2,  -1,   1,   2,   3,   4,   5,   6,   7,   8,  -5,  -3,  -1,   1,   3,   5,   7,  -4,  -2,  -1,   0,   1,   2,   4,   5

  0,   1,   1,   1,   1,   1,   1,   1,   1,   1,   1,   1,   1,   1,   1,   1,   1,   1,   2,   2,   2,   2,   2,   2,   2,   2,   3,   3,   3,   3,   3,   3
 10,  -8,  -7,  -6,  -5,  -4,  -3,  -2,  -1,   1,   2,   3,   4,   5,   6,   7,   8,   9,  -7,  -5,  -3,  -1,   1,   3,   5,   7,  -2,  -1,   0,   1,   2,   4

  0,   1,   1,   1,   1,   1,   1,   1,   1,   1,   1,   1,   1,   1,   1,   1,   1,   2,   2,   2,   2,   2,   2,   2,   2,   3,   3,   3,   3,   3,   3,   3
 10,  -8,  -7,  -6,  -5,  -4,  -3,  -2,  -1,   1,   2,   3,   4,   5,   6,   7,   8,  -7,  -5,  -3,  -1,   1,   3,   5,   7,  -4,  -2,  -1,   0,   1,   2,   4

  0,   1,   1,   1,   1,   1,   1,   1,   1,   1,   1,   1,   1,   1,   1,   1,   1,   1,   1,   2,   2,   2,   2,   2,   2,   2,   2,   3,   3,   3,   3,   3
 10,  -9,  -8,  -7,  -6,  -5,  -4,  -3,  -2,  -1,   1,   2,   3,   4,   5,   6,   7,   8,   9,  -7,  -5,  -3,  -1,   1,   3,   5,   7,  -2,  -1,   0,   1,   2

  0,   1,   1,   1,   1,   1,   1,   1,   1,   1,   1,   1,   1,   1,   1,   1,   1,   1,   2,   2,   2,   2,   2,   2,   2,   2,   3,   3,   3,   3,   3,   3
 10,  -9,  -8,  -7,  -6,  -5,  -4,  -3,  -2,  -1,   1,   2,   3,   4,   5,   6,   7,   8,  -7,  -5,  -3,  -1,   1,   3,   5,   7,  -4,  -2,  -1,   0,   1,   2

  0,   1,   1,   1,   1,   1,   1,   1,   1,   1,   1,   1,   1,   1,   1,   1,   1,   2,   2,   2,   2,   2,   2,   3,   3,   3,   3,   3,   3,   3,   3,   3
 10,  -9,  -8,  -7,  -6,  -5,  -4,  -3,  -2,  -1,   1,   2,   3,   4,   5,   6,   7,  -7,  -5,  -3,  -1,   1,   3,  -8,  -7,  -5,  -4,  -2,  -1,   0,   1,   2

  0,   1,   1,   1,   1,   1,   1,   1,   1,   1,   1,   1,   1,   1,   1,   1,   1,   2,   2,   2,   2,   2,   2,   2,   3,   3,   3,   3,   3,   3,   3,   3
 10,  -9,  -8,  -7,  -6,  -5,  -4,  -3,  -2,  -1,   1,   2,   3,   4,   5,   6,   7,  -7,  -5,  -3,  -1,   1,   3,   5,  -7,  -5,  -4,  -2,  -1,   0,   1,   2

  0,   1,   1,   1,   1,   1,   1,   1,   1,   1,   1,   1,   1,   1,   1,   1,   1,   2,   2,   2,   2,   2,   2,   3,   3,   3,   3,   3,   3,   3,   3,   3
 10,  -8,  -7,  -6,  -5,  -4,  -3,  -2,  -1,   1,   2,   3,   4,   5,   6,   7,   8,  -5,  -3,  -1,   1,   3,   5,  -5,  -4,  -2,  -1,   0,   1,   2,   4,   5

  0,   1,   1,   1,   1,   1,   1,   1,   1,   1,   1,   1,   1,   1,   1,   1,   1,   2,   2,   2,   2,   2,   2,   2,   3,   3,   3,   3,   3,   3,   3,   3
 10,  -8,  -7,  -6,  -5,  -4,  -3,  -2,  -1,   1,   2,   3,   4,   5,   6,   7,   8,  -7,  -5,  -3,  -1,   1,   3,   5,  -5,  -4,  -2,  -1,   0,   1,   2,   4

  0,   1,   1,   1,   1,   1,   1,   1,   1,   1,   1,   1,   1,   1,   1,   1,   1,   1,   2,   2,   2,   2,   2,   2,   2,   3,   3,   3,   3,   3,   3,   3
 10,  -9,  -8,  -7,  -6,  -5,  -4,  -3,  -2,  -1,   1,   2,   3,   4,   5,   6,   7,   8,  -7,  -5,  -3,  -1,   1,   3,   5,  -5,  -4,  -2,  -1,   0,   1,   2

  0,   1,   1,   1,   1,   1,   1,   1,   1,   1,   1,   1,   1,   1,   1,   1,   1,   2,   2,   2,   2,   2,   2,   2,   3,   3,   3,   3,   3,   3,   3,   3
 10,  -9,  -8,  -7,  -6,  -5,  -4,  -3,  -2,  -1,   1,   2,   3,   4,   5,   6,   7,  -9,  -7,  -5,  -3,  -1,   1,   3,  -8,  -7,  -5,  -4,  -2,  -1,   0,   1

  0,   1,   1,   1,   1,   1,   1,   1,   1,   1,   1,   1,   1,   1,   1,   1,   1,   2,   2,   2,   2,   2,   2,   2,   2,   3,   3,   3,   3,   3,   3,   3
 10,  -9,  -8,  -7,  -6,  -5,  -4,  -3,  -2,  -1,   1,   2,   3,   4,   5,   6,   7,  -9,  -7,  -5,  -3,  -1,   1,   3,   5,  -7,  -5,  -4,  -2,  -1,   0,   1

  0,   1,   1,   1,   1,   1,   1,   1,   1,   1,   1,   1,   1,   1,   1,   1,   1,   1,   2,   2,   2,   2,   2,   2,   2,   2,   3,   3,   3,   3,   3,   3
 10,  -9,  -8,  -7,  -6,  -5,  -4,  -3,  -2,  -1,   1,   2,   3,   4,   5,   6,   7,   8,  -9,  -7,  -5,  -3,  -1,   1,   3,   5,  -5,  -4,  -2,  -1,   0,   1

  0,   1,   1,   1,   1,   1,   1,   1,   1,   1,   1,   1,   1,   1,   1,   1,   1,   1,   2,   2,   2,   2,   2,   2,   2,   3,   3,   3,   3,   3,   3,   3
 10, -10,  -9,  -8,  -7,  -6,  -5,  -4,  -3,  -2,  -1,   1,   2,   3,   4,   5,   6,   7,  -9,  -7,  -5,  -3,  -1,   1,   3,  -8,  -7,  -5,  -4,  -2,  -1,   0

  0,   1,   1,   1,   1,   1,   1,   1,   1,   1,   1,   1,   1,   1,   1,   1,   1,   1,   2,   2,   2,   2,   2,   2,   2,   2,   3,   3,   3,   3,   3,   3
 10, -10,  -9,  -8,  -7,  -6,  -5,  -4,  -3,  -2,  -1,   1,   2,   3,   4,   5,   6,   7,  -9,  -7,  -5,  -3,  -1,   1,   3,   5,  -7,  -5,  -4,  -2,  -1,   0

  0,   1,   1,   1,   1,   1,   1,   1,   1,   1,   1,   1,   1,   1,   1,   1,   1,   1,   1,   2,   2,   2,   2,   2,   2,   2,   2,   3,   3,   3,   3,   3
 10, -10,  -9,  -8,  -7,  -6,  -5,  -4,  -3,  -2,  -1,   1,   2,   3,   4,   5,   6,   7,   8,  -9,  -7,  -5,  -3,  -1,   1,   3,   5,  -5,  -4,  -2,  -1,   0

  0,   1,   1,   1,   1,   1,   1,   1,   1,   1,   1,   2,   2,   2,   2,   2,   3,   3,   3,   3,   3,   3,   3,   4,   4,   4,   4,   5,   5,   5,   5,   5
  1,  -4,  -3,  -2,  -1,   1,   3,   4,   5,   6,   7,  -1,   1,   3,   5,   7,   0,   1,   2,   4,   5,   7,   8,   3,   5,   7,   9,   6,   7,   8,   9,  10

  0,   1,   1,   1,   1,   1,   1,   1,   1,   1,   2,   2,   2,   2,   2,   3,   3,   3,   3,   3,   3,   3,   4,   4,   4,   4,   5,   5,   5,   5,   5,   5
  1,  -4,  -3,  -2,  -1,   1,   3,   4,   5,   6,  -1,   1,   3,   5,   7,   0,   1,   2,   4,   5,   7,   8,   3,   5,   7,   9,   4,   6,   7,   8,   9,  10

  0,   1,   1,   1,   1,   1,   1,   1,   1,   2,   2,   2,   2,   2,   3,   3,   3,   3,   3,   3,   3,   4,   4,   4,   4,   5,   5,   5,   5,   5,   5,   6
  1,  -3,  -2,  -1,   1,   3,   4,   5,   6,  -1,   1,   3,   5,   7,   0,   1,   2,   4,   5,   7,   8,   3,   5,   7,   9,   4,   6,   7,   8,   9,  10,   7

  0,   1,   1,   1,   1,   1,   1,   1,   1,   1,   1,   2,   2,   2,   2,   2,   3,   3,   3,   3,   3,   3,   4,   4,   4,   4,   5,   5,   5,   5,   5,   5
  6,  -6,  -5,  -4,  -3,  -2,  -1,   1,   2,   3,   4,  -5,  -3,  -1,   1,   3,  -5,  -4,  -2,  -1,   1,   2,  -5,  -3,  -1,   1,  -6,  -4,  -3,  -2,  -1,   0

  0,   1,   1,   1,   1,   1,   1,   1,   1,   1,   1,   2,   2,   2,   2,   2,   3,   3,   3,   3,   3,   3,   4,   4,   4,   4,   5,   5,   5,   5,   5,   5
  6,  -4,  -3,  -2,  -1,   1,   2,   3,   4,   5,   6,  -3,  -1,   1,   3,   5,  -2,  -1,   1,   2,   4,   5,  -1,   1,   3,   5,   0,   1,   2,   3,   4,   6

  0,   1,   1,   1,   1,   1,   1,   1,   1,   1,   1,   1,   2,   2,   2,   2,   2,   3,   3,   3,   3,   3,   3,   4,   4,   4,   4,   5,   5,   5,   5,   5
  6,  -5,  -4,  -3,  -2,  -1,   1,   2,   3,   4,   5,   6,  -3,  -1,   1,   3,   5,  -2,  -1,   1,   2,   4,   5,  -1,   1,   3,   5,   0,   1,   2,   3,   4

  0,   1,   1,   1,   1,   1,   1,   1,   1,   1,   1,   2,   2,   2,   2,   2,   3,   3,   3,   3,   3,   3,   4,   4,   4,   4,   5,   5,   5,   5,   5,   5
  6,  -5,  -4,  -3,  -2,  -1,   1,   2,   3,   4,   5,  -3,  -1,   1,   3,   5,  -2,  -1,   1,   2,   4,   5,  -1,   1,   3,   5,  -1,   0,   1,   2,   3,   4

  0,   1,   1,   1,   1,   1,   1,   1,   1,   1,   1,   1,   2,   2,   2,   2,   2,   3,   3,   3,   3,   3,   3,   3,   4,   4,   4,   4,   5,   5,   5,   5
  6,  -5,  -4,  -3,  -2,  -1,   1,   2,   3,   4,   5,   6,  -3,  -1,   1,   3,   5,  -4,  -2,  -1,   1,   2,   4,   5,  -3,  -1,   1,   3,   0,   1,   2,   3

  0,   1,   1,   1,   1,   1,   1,   1,   1,   1,   1,   2,   2,   2,   2,   2,   3,   3,   3,   3,   3,   3,   3,   4,   4,   4,   4,   5,   5,   5,   5,   5
  6,  -5,  -4,  -3,  -2,  -1,   1,   2,   3,   4,   5,  -3,  -1,   1,   3,   5,  -4,  -2,  -1,   1,   2,   4,   5,  -3,  -1,   1,   3,  -1,   0,   1,   2,   3

  0,   1,   1,   1,   1,   1,   1,   1,   1,   1,   1,   1,   2,   2,   2,   2,   2,   2,   3,   3,   3,   3,   3,   3,   3,   4,   4,   4,   4,   5,   5,   5
  6,  -5,  -4,  -3,  -2,  -1,   1,   2,   3,   4,   5,   6,  -5,  -3,  -1,   1,   3,   5,  -4,  -2,  -1,   1,   2,   4,   5,  -3,  -1,   1,   3,   0,   1,   2

  0,   1,   1,   1,   1,   1,   1,   1,   1,   1,   1,   2,   2,   2,   2,   2,   2,   3,   3,   3,   3,   3,   3,   3,   4,   4,   4,   4,   5,   5,   5,   5
  6,  -5,  -4,  -3,  -2,  -1,   1,   2,   3,   4,   5,  -5,  -3,  -1,   1,   3,   5,  -4,  -2,  -1,   1,   2,   4,   5,  -3,  -1,   1,   3,  -1,   0,   1,   2

  0,   1,   1,   1,   1,   1,   1,   1,   1,   1,   1,   1,   2,   2,   2,   2,   2,   2,   3,   3,   3,   3,   3,   3,   3,   3,   4,   4,   4,   4,   5,   5
  6,  -5,  -4,  -3,  -2,  -1,   1,   2,   3,   4,   5,   6,  -5,  -3,  -1,   1,   3,   5,  -5,  -4,  -2,  -1,   1,   2,   4,   5,  -3,  -1,   1,   3,   0,   1

  0,   1,   1,   1,   1,   1,   1,   1,   1,   1,   1,   2,   2,   2,   2,   2,   2,   3,   3,   3,   3,   3,   3,   3,   3,   4,   4,   4,   4,   5,   5,   5
  6,  -5,  -4,  -3,  -2,  -1,   1,   2,   3,   4,   5,  -5,  -3,  -1,   1,   3,   5,  -5,  -4,  -2,  -1,   1,   2,   4,   5,  -3,  -1,   1,   3,  -1,   0,   1

  0,   1,   1,   1,   1,   1,   1,   1,   1,   1,   1,   2,   2,   2,   2,   2,   3,   3,   3,   3,   3,   3,   4,   4,   4,   4,   5,   5,   5,   5,   5,   5
  6,  -5,  -4,  -3,  -2,  -1,   1,   2,   3,   4,   5,  -3,  -1,   1,   3,   5,  -4,  -2,  -1,   1,   2,   4,  -3,  -1,   1,   3,  -2,  -1,   0,   1,   2,   3

  0,   1,   1,   1,   1,   1,   1,   1,   1,   1,   1,   2,   2,   2,   2,   2,   2,   3,   3,   3,   3,   3,   3,   4,   4,   4,   4,   5,   5,   5,   5,   5
  6,  -5,  -4,  -3,  -2,  -1,   1,   2,   3,   4,   5,  -5,  -3,  -1,   1,   3,   5,  -4,  -2,  -1,   1,   2,   4,  -3,  -1,   1,   3,  -2,  -1,   0,   1,   2

  0,   1,   1,   1,   1,   1,   1,   1,   1,   1,   1,   2,   2,   2,   2,   3,   3,   3,   3,   3,   3,   4,   4,   4,   4,   5,   5,   5,   5,   5,   5,   5
  6,  -5,  -4,  -3,  -2,  -1,   1,   2,   3,   4,   5,  -3,  -1,   1,   3,  -4,  -2,  -1,   1,   2,   4,  -3,  -1,   1,   3,  -3,  -2,  -1,   0,   1,   2,   3

  0,   1,   1,   1,   1,   1,   1,   1,   1,   1,   1,   2,   2,   2,   2,   2,   3,   3,   3,   3,   3,   3,   4,   4,   4,   4,   5,   5,   5,   5,   5,   5
  6,  -5,  -4,  -3,  -2,  -1,   1,   2,   3,   4,   5,  -5,  -3,  -1,   1,   3,  -4,  -2,  -1,   1,   2,   4,  -3,  -1,   1,   3,  -3,  -2,  -1,   0,   1,   2

  0,   1,   1,   1,   1,   1,   1,   1,   1,   1,   1,   2,   2,   2,   2,   2,   2,   3,   3,   3,   3,   3,   3,   3,   4,   4,   4,   4,   5,   5,   5,   5
  6,  -5,  -4,  -3,  -2,  -1,   1,   2,   3,   4,   5,  -5,  -3,  -1,   1,   3,   5,  -5,  -4,  -2,  -1,   1,   2,   4,  -3,  -1,   1,   3,  -2,  -1,   0,   1

  0,   1,   1,   1,   1,   1,   1,   1,   1,   1,   1,   2,   2,   2,   2,   2,   3,   3,   3,   3,   3,   3,   3,   4,   4,   4,   4,   5,   5,   5,   5,   5
  6,  -5,  -4,  -3,  -2,  -1,   1,   2,   3,   4,   5,  -5,  -3,  -1,   1,   3,  -5,  -4,  -2,  -1,   1,   2,   4,  -3,  -1,   1,   3,  -3,  -2,  -1,   0,   1

  0,   1,   1,   1,   1,   1,   1,   1,   1,   1,   1,   1,   1,   2,   2,   2,   2,   2,   2,   3,   3,   3,   3,   3,   3,   3,   3,   4,   4,   4,   4,   5
  6,  -6,  -5,  -4,  -3,  -2,  -1,   1,   2,   3,   4,   5,   6,  -5,  -3,  -1,   1,   3,   5,  -5,  -4,  -2,  -1,   1,   2,   4,   5,  -3,  -1,   1,   3,   0

  0,   1,   1,   1,   1,   1,   1,   1,   1,   1,   1,   1,   2,   2,   2,   2,   2,   2,   3,   3,   3,   3,   3,   3,   3,   3,   4,   4,   4,   4,   5,   5
  6,  -6,  -5,  -4,  -3,  -2,  -1,   1,   2,   3,   4,   5,  -5,  -3,  -1,   1,   3,   5,  -5,  -4,  -2,  -1,   1,   2,   4,   5,  -3,  -1,   1,   3,  -1,   0

  0,   1,   1,   1,   1,   1,   1,   1,   1,   1,   1,   1,   2,   2,   2,   2,   2,   2,   3,   3,   3,   3,   3,   3,   3,   4,   4,   4,   4,   5,   5,   5
  6,  -6,  -5,  -4,  -3,  -2,  -1,   1,   2,   3,   4,   5,  -5,  -3,  -1,   1,   3,   5,  -5,  -4,  -2,  -1,   1,   2,   4,  -3,  -1,   1,   3,  -2,  -1,   0

  0,   1,   1,   1,   1,   1,   1,   1,   1,   1,   1,   1,   2,   2,   2,   2,   2,   3,   3,   3,   3,   3,   3,   3,   4,   4,   4,   4,   5,   5,   5,   5
  6,  -6,  -5,  -4,  -3,  -2,  -1,   1,   2,   3,   4,   5,  -5,  -3,  -1,   1,   3,  -5,  -4,  -2,  -1,   1,   2,   4,  -3,  -1,   1,   3,  -3,  -2,  -1,   0

  0,   1,   1,   1,   1,   1,   1,   1,   1,   1,   1,   2,   2,   2,   2,   2,   3,   3,   3,   3,   3,   3,   4,   4,   4,   4,   5,   5,   5,   5,   5,   5
  6,  -5,  -4,  -3,  -2,  -1,   1,   2,   3,   4,   5,  -5,  -3,  -1,   1,   3,  -5,  -4,  -2,  -1,   1,   2,  -5,  -3,  -1,   1,  -4,  -3,  -2,  -1,   0,   1

  0,   1,   1,   1,   1,   1,   1,   1,   1,   1,   1,   1,   2,   2,   2,   2,   2,   3,   3,   3,   3,   3,   3,   4,   4,   4,   4,   5,   5,   5,   5,   5
  6,  -6,  -5,  -4,  -3,  -2,  -1,   1,   2,   3,   4,   5,  -5,  -3,  -1,   1,   3,  -5,  -4,  -2,  -1,   1,   2,  -5,  -3,  -1,   1,  -4,  -3,  -2,  -1,   0

