  0,   1,   1,   1,   1,   1,   1,   1,   1,   1,   1,   1,   1,   1,   1,   1,   1,   1,   1,   1,   1,   1,   1,   1,   1,   1,   1,   1,   1,   1
 28, -28, -27, -26, -25, -24, -23, -22, -21, -20, -19, -18, -17, -16, -15, -14, -13, -12, -11, -10,  -9,  -8,  -7,  -6,  -5,  -4,  -3,  -2,  -1,   0

  0,   1,   1,   1,   1,   1,   1,   1,   1,   1,   1,   1,   1,   1,   1,   1,   1,   1,   1,   1,   1,   1,   1,   1,   1,   1,   1,   1,   1,   1
 28,   0,   1,   2,   3,   4,   5,   6,   7,   8,   9,  10,  11,  12,  13,  14,  15,  16,  17,  18,  19,  20,  21,  22,  23,  24,  25,  26,  27,  28

  0,   1,   1,   1,   1,   1,   1,   1,   1,   1,   1,   1,   1,   1,   1,   1,   1,   1,   1,   1,   1,   1,   1,   1,   1,   1,   1,   1,   1,   1
 28, -27, -26, -25, -24, -23, -22, -21, -20, -19, -18, -17, -16, -15, -14, -13, -12, -11, -10,  -9,  -8,  -7,  -6,  -5,  -4,  -3,  -2,  -1,   0,   1

  0,   1,   1,   1,   1,   1,   1,   1,   1,   1,   1,   1,   1,   1,   1,   1,   1,   1,   1,   1,   1,   1,   1,   1,   1,   1,   1,   1,   1,   1
 28, -26, -25, -24, -23, -22, -21, -20, -19, -18, -17, -16, -15, -14, -13, -12, -11, -10,  -9,  -8,  -7,  -6,  -5,  -4,  -3,  -2,  -1,   0,   1,   2

  0,   1,   1,   1,   1,   1,   1,   1,   1,   1,   1,   1,   1,   1,   1,   1,   1,   1,   1,   1,   1,   1,   1,   1,   1,   1,   1,   1,   1,   1
 28, -25, -24, -23, -22, -21, -20, -19, -18, -17, -16, -15, -14, -13, -12, -11, -10,  -9,  -8,  -7,  -6,  -5,  -4,  -3,  -2,  -1,   0,   1,   2,   3

  0,   1,   1,   1,   1,   1,   1,   1,   1,   1,   1,   1,   1,   1,   1,   1,   1,   1,   1,   1,   1,   1,   1,   1,   1,   1,   1,   1,   1,   1
 28, -24, -23, -22, -21, -20, -19, -18, -17, -16, -15, -14, -13, -12, -11, -10,  -9,  -8,  -7,  -6,  -5,  -4,  -3,  -2,  -1,   0,   1,   2,   3,   4

  0,   1,   1,   1,   1,   1,   1,   1,   1,   1,   1,   1,   1,   1,   1,   1,   1,   1,   1,   1,   1,   1,   1,   1,   1,   1,   1,   1,   1,   1
 28, -23, -22, -21, -20, -19, -18, -17, -16, -15, -14, -13, -12, -11, -10,  -9,  -8,  -7,  -6,  -5,  -4,  -3,  -2,  -1,   0,   1,   2,   3,   4,   5

  0,   1,   1,   1,   1,   1,   1,   1,   1,   1,   1,   1,   1,   1,   1,   1,   1,   1,   1,   1,   1,   1,   1,   1,   1,   1,   1,   1,   1,   1
 28, -22, -21, -20, -19, -18, -17, -16, -15, -14, -13, -12, -11, -10,  -9,  -8,  -7,  -6,  -5,  -4,  -3,  -2,  -1,   0,   1,   2,   3,   4,   5,   6

  0,   1,   1,   1,   1,   1,   1,   1,   1,   1,   1,   1,   1,   1,   1,   1,   1,   1,   1,   1,   1,   1,   1,   1,   1,   1,   1,   1,   1,   1
 28, -21, -20, -19, -18, -17, -16, -15, -14, -13, -12, -11, -10,  -9,  -8,  -7,  -6,  -5,  -4,  -3,  -2,  -1,   0,   1,   2,   3,   4,   5,   6,   7

  0,   1,   1,   1,   1,   1,   1,   1,   1,   1,   1,   1,   1,   1,   1,   1,   1,   1,   1,   1,   1,   1,   1,   1,   1,   1,   1,   1,   1,   1
 28, -20, -19, -18, -17, -16, -15, -14, -13, -12, -11, -10,  -9,  -8,  -7,  -6,  -5,  -4,  -3,  -2,  -1,   0,   1,   2,   3,   4,   5,   6,   7,   8

  0,   1,   1,   1,   1,   1,   1,   1,   1,   1,   1,   1,   1,   1,   1,   1,   1,   1,   1,   1,   1,   1,   1,   1,   1,   1,   1,   1,   1,   1
 28, -19, -18, -17, -16, -15, -14, -13, -12, -11, -10,  -9,  -8,  -7,  -6,  -5,  -4,  -3,  -2,  -1,   0,   1,   2,   3,   4,   5,   6,   7,   8,   9

  0,   1,   1,   1,   1,   1,   1,   1,   1,   1,   1,   1,   1,   1,   1,   1,   1,   1,   1,   1,   1,   1,   1,   1,   1,   1,   1,   1,   1,   1
 28, -18, -17, -16, -15, -14, -13, -12, -11, -10,  -9,  -8,  -7,  -6,  -5,  -4,  -3,  -2,  -1,   0,   1,   2,   3,   4,   5,   6,   7,   8,   9,  10

  0,   1,   1,   1,   1,   1,   1,   1,   1,   1,   1,   1,   1,   1,   1,   1,   1,   1,   1,   1,   1,   1,   1,   1,   1,   1,   1,   1,   1,   1
 28, -17, -16, -15, -14, -13, -12, -11, -10,  -9,  -8,  -7,  -6,  -5,  -4,  -3,  -2,  -1,   0,   1,   2,   3,   4,   5,   6,   7,   8,   9,  10,  11

  0,   1,   1,   1,   1,   1,   1,   1,   1,   1,   1,   1,   1,   1,   1,   1,   1,   1,   1,   1,   1,   1,   1,   1,   1,   1,   1,   1,   1,   1
 28, -16, -15, -14, -13, -12, -11, -10,  -9,  -8,  -7,  -6,  -5,  -4,  -3,  -2,  -1,   0,   1,   2,   3,   4,   5,   6,   7,   8,   9,  10,  11,  12

  0,   1,   1,   1,   1,   1,   1,   1,   1,   1,   1,   1,   1,   1,   1,   1,   1,   1,   1,   1,   1,   1,   1,   1,   1,   1,   1,   1,   1,   1
 28, -15, -14, -13, -12, -11, -10,  -9,  -8,  -7,  -6,  -5,  -4,  -3,  -2,  -1,   0,   1,   2,   3,   4,   5,   6,   7,   8,   9,  10,  11,  12,  13

  0,   1,   1,   1,   1,   1,   1,   1,   1,   1,   1,   1,   1,   1,   1,   1,   1,   1,   1,   1,   1,   1,   1,   1,   1,   1,   1,   1,   1,   1
 28, -14, -13, -12, -11, -10,  -9,  -8,  -7,  -6,  -5,  -4,  -3,  -2,  -1,   0,   1,   2,   3,   4,   5,   6,   7,   8,   9,  10,  11,  12,  13,  14

  0,   1,   1,   1,   1,   1,   1,   1,   1,   1,   1,   1,   1,   1,   1,   1,   1,   1,   1,   1,   1,   1,   1,   1,   1,   1,   1,   1,   1,   1
 28, -13, -12, -11, -10,  -9,  -8,  -7,  -6,  -5,  -4,  -3,  -2,  -1,   0,   1,   2,   3,   4,   5,   6,   7,   8,   9,  10,  11,  12,  13,  14,  15

  0,   1,   1,   1,   1,   1,   1,   1,   1,   1,   1,   1,   1,   1,   1,   1,   1,   1,   1,   1,   1,   1,   1,   1,   1,   1,   1,   1,   1,   1
 28, -12, -11, -10,  -9,  -8,  -7,  -6,  -5,  -4,  -3,  -2,  -1,   0,   1,   2,   3,   4,   5,   6,   7,   8,   9,  10,  11,  12,  13,  14,  15,  16

  0,   1,   1,   1,   1,   1,   1,   1,   1,   1,   1,   1,   1,   1,   1,   1,   1,   1,   1,   1,   1,   1,   1,   1,   1,   1,   1,   1,   1,   1
 28, -11, -10,  -9,  -8,  -7,  -6,  -5,  -4,  -3,  -2,  -1,   0,   1,   2,   3,   4,   5,   6,   7,   8,   9,  10,  11,  12,  13,  14,  15,  16,  17

  0,   1,   1,   1,   1,   1,   1,   1,   1,   1,   1,   1,   1,   1,   1,   1,   1,   1,   1,   1,   1,   1,   1,   1,   1,   1,   1,   1,   1,   1
 28, -10,  -9,  -8,  -7,  -6,  -5,  -4,  -3,  -2,  -1,   0,   1,   2,   3,   4,   5,   6,   7,   8,   9,  10,  11,  12,  13,  14,  15,  16,  17,  18

  0,   1,   1,   1,   1,   1,   1,   1,   1,   1,   1,   1,   1,   1,   1,   1,   1,   1,   1,   1,   1,   1,   1,   1,   1,   1,   1,   1,   1,   1
 28,  -9,  -8,  -7,  -6,  -5,  -4,  -3,  -2,  -1,   0,   1,   2,   3,   4,   5,   6,   7,   8,   9,  10,  11,  12,  13,  14,  15,  16,  17,  18,  19

  0,   1,   1,   1,   1,   1,   1,   1,   1,   1,   1,   1,   1,   1,   1,   1,   1,   1,   1,   1,   1,   1,   1,   1,   1,   1,   1,   1,   1,   1
 28,  -8,  -7,  -6,  -5,  -4,  -3,  -2,  -1,   0,   1,   2,   3,   4,   5,   6,   7,   8,   9,  10,  11,  12,  13,  14,  15,  16,  17,  18,  19,  20

  0,   1,   1,   1,   1,   1,   1,   1,   1,   1,   1,   1,   1,   1,   1,   1,   1,   1,   1,   1,   1,   1,   1,   1,   1,   1,   1,   1,   1,   1
 28,  -7,  -6,  -5,  -4,  -3,  -2,  -1,   0,   1,   2,   3,   4,   5,   6,   7,   8,   9,  10,  11,  12,  13,  14,  15,  16,  17,  18,  19,  20,  21

  0,   1,   1,   1,   1,   1,   1,   1,   1,   1,   1,   1,   1,   1,   1,   1,   1,   1,   1,   1,   1,   1,   1,   1,   1,   1,   1,   1,   1,   1
 28,  -6,  -5,  -4,  -3,  -2,  -1,   0,   1,   2,   3,   4,   5,   6,   7,   8,   9,  10,  11,  12,  13,  14,  15,  16,  17,  18,  19,  20,  21,  22

  0,   1,   1,   1,   1,   1,   1,   1,   1,   1,   1,   1,   1,   1,   1,   1,   1,   1,   1,   1,   1,   1,   1,   1,   1,   1,   1,   1,   1,   1
 28,  -5,  -4,  -3,  -2,  -1,   0,   1,   2,   3,   4,   5,   6,   7,   8,   9,  10,  11,  12,  13,  14,  15,  16,  17,  18,  19,  20,  21,  22,  23

  0,   1,   1,   1,   1,   1,   1,   1,   1,   1,   1,   1,   1,   1,   1,   1,   1,   1,   1,   1,   1,   1,   1,   1,   1,   1,   1,   1,   1,   1
 28,  -4,  -3,  -2,  -1,   0,   1,   2,   3,   4,   5,   6,   7,   8,   9,  10,  11,  12,  13,  14,  15,  16,  17,  18,  19,  20,  21,  22,  23,  24

  0,   1,   1,   1,   1,   1,   1,   1,   1,   1,   1,   1,   1,   1,   1,   1,   1,   1,   1,   1,   1,   1,   1,   1,   1,   1,   1,   1,   1,   1
 28,  -3,  -2,  -1,   0,   1,   2,   3,   4,   5,   6,   7,   8,   9,  10,  11,  12,  13,  14,  15,  16,  17,  18,  19,  20,  21,  22,  23,  24,  25

  0,   1,   1,   1,   1,   1,   1,   1,   1,   1,   1,   1,   1,   1,   1,   1,   1,   1,   1,   1,   1,   1,   1,   1,   1,   1,   1,   1,   1,   1
 28,  -2,  -1,   0,   1,   2,   3,   4,   5,   6,   7,   8,   9,  10,  11,  12,  13,  14,  15,  16,  17,  18,  19,  20,  21,  22,  23,  24,  25,  26

  0,   1,   1,   1,   1,   1,   1,   1,   1,   1,   1,   1,   1,   1,   1,   1,   1,   1,   1,   1,   1,   1,   1,   1,   1,   1,   1,   1,   1,   1
 28,  -1,   0,   1,   2,   3,   4,   5,   6,   7,   8,   9,  10,  11,  12,  13,  14,  15,  16,  17,  18,  19,  20,  21,  22,  23,  24,  25,  26,  27

  0,   1,   1,   1,   1,   1,   1,   1,   1,   1,   1,   1,   1,   1,   1,   1,   1,   1,   1,   1,   1,   1,   1,   1,   1,   1,   1,   1,   1,   1
  1,   0,   1,   2,   3,   4,   5,   6,   7,   8,   9,  10,  11,  12,  13,  14,  15,  16,  17,  18,  19,  20,  21,  22,  23,  24,  25,  26,  27,  28

  0,   1,   1,   1,   1,   1,   1,   1,   1,   1,   1,   1,   1,   1,   1,   1,   1,   1,   1,   1,   1,   1,   1,   1,   1,   1,   1,   1,   1,   2
  1,   0,   1,   2,   3,   4,   5,   6,   7,   8,   9,  10,  11,  12,  13,  15,  16,  17,  18,  19,  20,  21,  22,  23,  24,  25,  26,  27,  28,  28

  0,   1,   1,   1,   1,   1,   1,   1,   1,   1,   1,   1,   1,   1,   1,   1,   1,   1,   1,   1,   1,   1,   1,   1,   1,   1,   1,   1,   2,   2
  1,   0,   1,   2,   3,   4,   5,   6,   7,   8,   9,  10,  11,  12,  13,  15,  16,  17,  18,  19,  20,  21,  22,  23,  24,  25,  26,  27,  27,  28

  0,   1,   1,   1,   1,   1,   1,   1,   1,   1,   1,   1,   1,   1,   1,   1,   1,   1,   1,   1,   1,   1,   1,   1,   1,   1,   1,   2,   2,   2
  1,   0,   1,   2,   3,   4,   5,   6,   7,   8,   9,  10,  11,  12,  13,  15,  16,  17,  18,  19,  20,  21,  22,  23,  24,  25,  26,  25,  27,  28

  0,   1,   1,   1,   1,   1,   1,   1,   1,   1,   1,   1,   1,   1,   1,   1,   1,   1,   1,   1,   1,   1,   1,   1,   1,   1,   2,   2,   2,   2
  1,   0,   1,   2,   3,   4,   5,   6,   7,   8,   9,  10,  11,  12,  13,  15,  16,  17,  18,  19,  20,  21,  22,  23,  24,  25,  23,  25,  27,  28

  0,   1,   1,   1,   1,   1,   1,   1,   1,   1,   1,   1,   1,   1,   1,   1,   1,   1,   1,   1,   1,   1,   1,   1,   1,   2,   2,   2,   2,   2
  1,   0,   1,   2,   3,   4,   5,   6,   7,   8,   9,  10,  11,  12,  13,  15,  16,  17,  18,  19,  20,  21,  22,  23,  24,  21,  23,  25,  27,  28

  0,   1,   1,   1,   1,   1,   1,   1,   1,   1,   1,   1,   1,   1,   1,   1,   1,   1,   1,   1,   1,   1,   1,   1,   2,   2,   2,   2,   2,   2
  1,   0,   1,   2,   3,   4,   5,   6,   7,   8,   9,  10,  11,  12,  13,  15,  16,  17,  18,  19,  20,  21,  22,  23,  19,  21,  23,  25,  27,  28

  0,   1,   1,   1,   1,   1,   1,   1,   1,   1,   1,   1,   1,   1,   1,   1,   1,   1,   1,   1,   1,   1,   1,   2,   2,   2,   2,   2,   2,   2
  1,   0,   1,   2,   3,   4,   5,   6,   7,   8,   9,  10,  11,  12,  13,  15,  16,  17,  18,  19,  20,  21,  22,  17,  19,  21,  23,  25,  27,  28

  0,   1,   1,   1,   1,   1,   1,   1,   1,   1,   1,   1,   1,   1,   1,   1,   1,   1,   1,   1,   1,   1,   2,   2,   2,   2,   2,   2,   2,   2
  1,   0,   1,   2,   3,   4,   5,   6,   7,   8,   9,  10,  11,  12,  13,  15,  16,  17,  18,  19,  20,  21,  15,  17,  19,  21,  23,  25,  27,  28

  0,   1,   1,   1,   1,   1,   1,   1,   1,   1,   1,   1,   1,   1,   1,   1,   1,   1,   1,   1,   2,   2,   2,   2,   2,   2,   2,   2,   3,   3
  1,   0,   1,   2,   3,   4,   5,   6,   7,   8,   9,  10,  11,  12,  13,  14,  15,  16,  17,  18,  11,  13,  15,  17,  19,  21,  23,  25,  26,  28

  0,   1,   1,   1,   1,   1,   1,   1,   1,   1,   1,   1,   1,   1,   1,   1,   1,   1,   1,   2,   2,   2,   2,   2,   2,   2,   2,   3,   3,   3
  1,   0,   1,   2,   3,   4,   5,   6,   7,   8,   9,  10,  11,  12,  13,  14,  15,  16,  17,  11,  13,  15,  17,  19,  21,  23,  25,  25,  26,  28

  0,   1,   1,   1,   1,   1,   1,   1,   1,   1,   1,   1,   1,   1,   1,   1,   1,   1,   1,   2,   2,   2,   2,   2,   2,   2,   3,   3,   3,   3
  1,   0,   1,   2,   3,   4,   5,   6,   7,   8,   9,  10,  11,  12,  13,  14,  15,  16,  17,  11,  13,  15,  17,  19,  21,  23,  23,  25,  26,  28

  0,   1,   1,   1,   1,   1,   1,   1,   1,   1,   1,   1,   1,   1,   1,   1,   1,   1,   2,   2,   2,   2,   2,   2,   2,   3,   3,   3,   3,   3
  1,   0,   1,   2,   3,   4,   5,   6,   7,   8,   9,  10,  11,  12,  13,  14,  15,  16,  11,  13,  15,  17,  19,  21,  23,  22,  23,  25,  26,  28

  0,   1,   1,   1,   1,   1,   1,   1,   1,   1,   1,   1,   1,   1,   1,   1,   1,   1,   2,   2,   2,   2,   2,   2,   3,   3,   3,   3,   3,   3
  1,   0,   1,   2,   3,   4,   5,   6,   7,   8,   9,  10,  11,  12,  13,  14,  15,  16,  11,  13,  15,  17,  19,  21,  20,  22,  23,  25,  26,  28

  0,   1,   1,   1,   1,   1,   1,   1,   1,   1,   1,   1,   1,   1,   1,   1,   1,   2,   2,   2,   2,   2,   2,   3,   3,   3,   3,   3,   3,   3
  1,   0,   1,   2,   3,   4,   5,   6,   7,   8,   9,  10,  11,  12,  13,  14,  15,  11,  13,  15,  17,  19,  21,  19,  20,  22,  23,  25,  26,  28

  0,   1,   1,   1,   1,   1,   1,   1,   1,   1,   1,   1,   1,   1,   2,   2,   2,   2,   2,   2,   3,   3,   3,   3,   3,   3,   3,   4,   4,   4
  1,   0,   1,   2,   3,   4,   5,   6,   8,   9,  10,  11,  12,  13,   9,  11,  13,  15,  17,  19,  16,  17,  19,  20,  22,  23,  25,  25,  27,  28

  0,   1,   1,   1,   1,   1,   1,   1,   1,   1,   1,   1,   1,   1,   2,   2,   2,   2,   2,   2,   2,   3,   3,   3,   3,   3,   3,   4,   4,   4
  1,   0,   1,   2,   3,   4,   5,   6,   8,   9,  10,  11,  12,  13,   7,   9,  11,  13,  15,  17,  19,  16,  17,  19,  20,  22,  23,  25,  27,  28

  0,   1,   1,   1,   1,   1,   1,   1,   1,   1,   1,   1,   1,   1,   2,   2,   2,   2,   2,   2,   3,   3,   3,   3,   3,   3,   3,   4,   4,   4
  1,   0,   1,   2,   3,   4,   5,   6,   8,   9,  10,  11,  12,  13,   7,   9,  11,  13,  15,  17,  14,  16,  17,  19,  20,  22,  23,  25,  27,  28

  0,   1,   1,   1,   1,   1,   1,   1,   1,   1,   1,   1,   1,   2,   2,   2,   2,   2,   2,   3,   3,   3,   3,   3,   3,   3,   4,   4,   4,   4
  1,   0,   1,   2,   3,   4,   5,   6,   8,   9,  10,  11,  12,   7,   9,  11,  13,  15,  17,  14,  16,  17,  19,  20,  22,  23,  23,  25,  27,  28

  0,   1,   1,   1,   1,   1,   1,   1,   1,   1,   1,   1,   1,   2,   2,   2,   2,   2,   2,   3,   3,   3,   3,   3,   3,   4,   4,   4,   4,   4
  1,   0,   1,   2,   3,   4,   5,   6,   8,   9,  10,  11,  12,   7,   9,  11,  13,  15,  17,  14,  16,  17,  19,  20,  22,  21,  23,  25,  27,  28

  0,   1,   1,   1,   1,   1,   1,   1,   1,   1,   1,   1,   1,   2,   2,   2,   2,   2,   3,   3,   3,   3,   3,   3,   4,   4,   4,   4,   5,   5
  1,   0,   1,   2,   3,   4,   5,   6,   7,   8,   9,  10,  11,   7,   9,  11,  13,  15,  13,  14,  16,  17,  19,  20,  19,  21,  23,  25,  27,  28

  0,   1,   1,   1,   1,   1,   1,   1,   1,   1,   1,   1,   2,   2,   2,   2,   2,   3,   3,   3,   3,   3,   3,   4,   4,   4,   4,   5,   5,   5
  1,   0,   1,   2,   3,   4,   5,   6,   7,   8,   9,  10,   7,   9,  11,  13,  15,  13,  14,  16,  17,  19,  20,  19,  21,  23,  25,  26,  27,  28

  0,   1,   1,   1,   1,   1,   1,   1,   1,   1,   1,   1,   2,   2,   2,   2,   2,   3,   3,   3,   3,   3,   3,   4,   4,   4,   5,   5,   5,   5
  1,   0,   1,   2,   3,   4,   5,   6,   7,   8,   9,  10,   7,   9,  11,  13,  15,  13,  14,  16,  17,  19,  20,  19,  21,  23,  24,  26,  27,  28

  0,   1,   1,   1,   1,   1,   1,   1,   1,   1,   1,   1,   2,   2,   2,   2,   2,   3,   3,   3,   3,   3,   4,   4,   4,   4,   5,   5,   5,   5
  1,   0,   1,   2,   3,   4,   5,   6,   7,   8,   9,  10,   7,   9,  11,  13,  15,  13,  14,  16,  17,  19,  17,  19,  21,  23,  24,  26,  27,  28

  0,   1,   1,   1,   1,   1,   1,   1,   1,   1,   1,   1,   2,   2,   2,   2,   3,   3,   3,   3,   3,   4,   4,   4,   4,   5,   5,   5,   5,   5
  1,   0,   1,   2,   3,   4,   5,   6,   7,   8,   9,  10,   7,   9,  11,  13,  13,  14,  16,  17,  19,  17,  19,  21,  23,  23,  24,  26,  27,  28

  0,   1,   1,   1,   1,   1,   1,   1,   1,   1,   1,   2,   2,   2,   2,   2,   3,   3,   3,   3,   3,   4,   4,   4,   5,   5,   5,   5,   5,   6
  1,   0,   1,   2,   3,   4,   5,   6,   7,   8,   9,   5,   7,   9,  11,  13,  10,  11,  13,  16,  17,  17,  19,  21,  21,  22,  23,  24,  26,  28

  0,   1,   1,   1,   1,   1,   1,   1,   1,   1,   1,   2,   2,   2,   2,   2,   3,   3,   3,   3,   3,   4,   4,   4,   4,   5,   5,   5,   5,   6
  1,   0,   1,   2,   3,   4,   5,   6,   7,   8,   9,   5,   7,   9,  11,  13,  10,  11,  13,  16,  17,  15,  17,  19,  21,  21,  22,  23,  24,  28

  0,   1,   1,   1,   1,   1,   1,   1,   1,   1,   2,   2,   2,   2,   2,   3,   3,   3,   3,   3,   4,   4,   4,   4,   5,   5,   5,   5,   6,   6
  1,   0,   1,   2,   3,   4,   5,   6,   7,   8,   5,   7,   9,  11,  13,  10,  11,  13,  16,  17,  15,  17,  19,  21,  21,  22,  23,  24,  25,  28

  0,   1,   1,   1,   1,   1,   1,   1,   1,   1,   1,   2,   2,   2,   2,   2,   3,   3,   3,   3,   3,   4,   4,   4,   5,   5,   5,   5,   5,   6
  1,   0,   1,   2,   3,   4,   5,   6,   7,   8,   9,   5,   7,   9,  11,  13,  10,  11,  13,  16,  17,  15,  17,  19,  19,  21,  22,  23,  24,  28

  0,   1,   1,   1,   1,   1,   1,   1,   1,   1,   2,   2,   2,   2,   2,   3,   3,   3,   3,   3,   4,   4,   4,   5,   5,   5,   5,   5,   6,   6
  1,   0,   1,   2,   3,   4,   5,   6,   7,   8,   5,   7,   9,  11,  13,  10,  11,  13,  16,  17,  15,  17,  19,  19,  21,  22,  23,  24,  25,  28

  0,   1,   1,   1,   1,   1,   1,   1,   1,   2,   2,   2,   2,   3,   3,   3,   3,   3,   4,   4,   4,   4,   5,   5,   5,   5,   5,   6,   6,   7
  1,   0,   1,   2,   3,   5,   6,   7,   8,   5,   7,   9,  11,  10,  11,  13,  14,  16,  13,  15,  17,  19,  18,  19,  21,  22,  23,  23,  25,  28

  0,   1,   1,   1,   1,   1,   1,   1,   1,   2,   2,   2,   2,   3,   3,   3,   3,   3,   3,   4,   4,   4,   4,   5,   5,   5,   5,   6,   6,   7
  1,   0,   1,   2,   3,   5,   6,   7,   8,   5,   7,   9,  11,   8,  10,  11,  13,  14,  16,  13,  15,  17,  19,  18,  19,  21,  22,  23,  25,  28

  0,   1,   1,   1,   1,   1,   1,   1,   1,   2,   2,   2,   2,   3,   3,   3,   3,   3,   4,   4,   4,   4,   5,   5,   5,   5,   5,   6,   6,   7
  1,   0,   1,   2,   3,   5,   6,   7,   8,   5,   7,   9,  11,   8,  10,  11,  13,  14,  13,  15,  17,  19,  17,  18,  19,  21,  22,  23,  25,  28

  0,   1,   1,   1,   1,   1,   1,   1,   2,   2,   2,   2,   3,   3,   3,   3,   3,   4,   4,   4,   4,   5,   5,   5,   5,   5,   6,   6,   7,   7
  1,   0,   1,   2,   3,   5,   6,   7,   5,   7,   9,  11,   8,  10,  11,  13,  14,  13,  15,  17,  19,  17,  18,  19,  21,  22,  23,  25,  27,  28

  0,   1,   1,   1,   1,   1,   1,   1,   2,   2,   2,   2,   3,   3,   3,   3,   3,   4,   4,   4,   5,   5,   5,   5,   5,   6,   6,   7,   7,   7
  1,   0,   1,   2,   3,   5,   6,   7,   5,   7,   9,  11,   8,  10,  11,  13,  14,  13,  15,  17,  17,  18,  19,  21,  22,  23,  25,  26,  27,  28

  0,   1,   1,   1,   1,   1,   1,   1,   2,   2,   2,   2,   3,   3,   3,   3,   3,   4,   4,   4,   5,   5,   5,   5,   6,   6,   7,   7,   7,   7
  1,   0,   1,   2,   3,   5,   6,   7,   5,   7,   9,  11,   8,  10,  11,  13,  14,  13,  15,  17,  17,  18,  19,  21,  23,  25,  25,  26,  27,  28

  0,   1,   1,   1,   1,   1,   1,   1,   2,   2,   2,   2,   3,   3,   3,   3,   3,   4,   4,   4,   5,   5,   5,   5,   5,   6,   7,   7,   7,   7
  1,   0,   1,   2,   3,   5,   6,   7,   5,   7,   9,  11,   8,  10,  11,  13,  14,  13,  15,  17,  16,  17,  18,  19,  21,  23,  25,  26,  27,  28

  0,   1,   1,   1,   1,   1,   1,   1,   2,   2,   2,   3,   3,   3,   3,   3,   4,   4,   4,   5,   5,   5,   5,   5,   6,   7,   7,   7,   7,   7
  1,   0,   1,   2,   3,   5,   6,   7,   5,   7,   9,   8,  10,  11,  13,  14,  13,  15,  17,  16,  17,  18,  19,  21,  23,  24,  25,  26,  27,  28

  0,   1,   1,   1,   1,   1,   1,   1,   1,   2,   2,   3,   3,   3,   3,   3,   4,   4,   4,   5,   5,   5,   5,   5,   6,   7,   7,   7,   7,   8
  1,   0,   1,   2,   3,   4,   5,   6,   7,   5,   9,   8,  10,  11,  13,  14,  13,  15,  17,  16,  17,  18,  19,  21,  23,  24,  25,  26,  27,  28

  0,   1,   1,   1,   1,   1,   1,   1,   1,   2,   2,   3,   3,   3,   3,   3,   4,   4,   4,   4,   5,   5,   5,   5,   6,   6,   7,   7,   7,   8
  1,   0,   1,   2,   3,   4,   5,   6,   7,   5,   9,   8,  10,  11,  13,  14,  11,  13,  15,  17,  16,  17,  18,  19,  19,  23,  24,  25,  26,  28

  0,   1,   1,   1,   1,   1,   1,   1,   1,   2,   2,   3,   3,   3,   3,   4,   4,   4,   4,   5,   5,   5,   5,   6,   6,   7,   7,   7,   7,   8
  1,   0,   1,   2,   3,   4,   5,   6,   7,   5,   9,   8,  10,  11,  13,  11,  13,  15,  17,  16,  17,  18,  19,  19,  23,  23,  24,  25,  26,  28

  0,   1,   1,   1,   1,   1,   1,   1,   2,   2,   3,   3,   3,   3,   4,   4,   4,   4,   5,   5,   5,   5,   6,   6,   7,   7,   7,   7,   8,   8
  1,   0,   1,   2,   3,   4,   5,   6,   5,   9,   8,  10,  11,  13,  11,  13,  15,  17,  16,  17,  18,  19,  19,  23,  23,  24,  25,  26,  27,  28

  0,   1,   1,   1,   1,   1,   1,   1,   1,   2,   2,   3,   3,   3,   3,   3,   3,   4,   4,   4,   4,   5,   5,   5,   5,   6,   6,   7,   7,   8
  1,   0,   1,   2,   3,   4,   5,   6,   7,   5,   9,   7,   8,  10,  11,  13,  14,  11,  13,  15,  17,  16,  17,  18,  19,  19,  23,  24,  25,  28

  0,   1,   1,   1,   1,   1,   1,   1,   1,   2,   2,   3,   3,   3,   3,   3,   4,   4,   4,   4,   5,   5,   5,   5,   6,   6,   7,   7,   7,   8
  1,   0,   1,   2,   3,   4,   5,   6,   7,   5,   9,   7,   8,  10,  11,  13,  11,  13,  15,  17,  16,  17,  18,  19,  19,  23,  23,  24,  25,  28

  0,   1,   1,   1,   1,   1,   1,   1,   2,   2,   3,   3,   3,   3,   3,   4,   4,   4,   4,   5,   5,   5,   5,   6,   6,   7,   7,   7,   8,   8
  1,   0,   1,   2,   3,   4,   5,   6,   5,   9,   7,   8,  10,  11,  13,  11,  13,  15,  17,  16,  17,  18,  19,  19,  23,  23,  24,  25,  27,  28

  0,   1,   1,   1,   1,   1,   1,   1,   1,   2,   2,   3,   3,   3,   3,   3,   4,   4,   4,   5,   5,   5,   5,   5,   6,   7,   7,   7,   7,   8
  1,   0,   1,   2,   3,   4,   5,   6,   7,   5,   9,   7,   8,  10,  11,  13,  11,  13,  15,  14,  16,  17,  18,  19,  19,  22,  23,  24,  25,  28

  0,   1,   1,   1,   1,   1,   1,   1,   2,   2,   3,   3,   3,   3,   3,   4,   4,   4,   5,   5,   5,   5,   5,   6,   7,   7,   7,   7,   8,   8
  1,   0,   1,   2,   3,   4,   5,   6,   5,   9,   7,   8,  10,  11,  13,  11,  13,  15,  14,  16,  17,  18,  19,  19,  22,  23,  24,  25,  27,  28

  0,   1,   1,   1,   1,   1,   1,   1,   2,   2,   3,   3,   3,   3,   4,   4,   4,   5,   5,   5,   5,   5,   6,   7,   7,   7,   7,   8,   8,   8
  1,   0,   1,   2,   3,   4,   5,   6,   5,   9,   7,   8,  10,  11,  11,  13,  15,  14,  16,  17,  18,  19,  19,  22,  23,  24,  25,  25,  27,  28

  0,   1,   1,   1,   1,   1,   1,   2,   2,   2,   3,   3,   3,   3,   4,   4,   4,   5,   5,   5,   6,   6,   7,   7,   7,   7,   8,   9,   9,  10
  1,   0,   1,   2,   3,   4,   5,   3,   5,   7,   7,   8,  10,  11,   9,  11,  13,  12,  13,  16,  17,  19,  18,  19,  20,  22,  23,  25,  26,  28

  0,   1,   1,   1,   1,   1,   1,   2,   2,   2,   3,   3,   3,   3,   4,   4,   4,   5,   5,   5,   6,   6,   7,   7,   7,   8,   8,   9,   9,  10
  1,   0,   1,   2,   3,   4,   5,   3,   5,   7,   7,   8,  10,  11,   9,  11,  13,  12,  13,  16,  17,  19,  18,  19,  20,  21,  23,  25,  26,  28

  0,   1,   1,   1,   1,   1,   1,   2,   2,   2,   3,   3,   3,   4,   4,   4,   5,   5,   5,   6,   6,   7,   7,   7,   8,   8,   9,   9,  10,  10
  1,   0,   1,   2,   3,   4,   5,   3,   5,   7,   7,   8,  10,   9,  11,  13,  12,  13,  16,  17,  19,  18,  19,  20,  21,  23,  25,  26,  27,  28

  0,   1,   1,   1,   1,   1,   2,   2,   2,   3,   3,   4,   4,   5,   5,   5,   5,   6,   7,   7,   7,   7,   8,   8,   9,   9,  10,  11,  11,  12
  1,   0,   1,   2,   3,   4,   3,   5,   7,   5,   8,   9,  11,  11,  12,  13,  14,  13,  15,  16,  17,  18,  19,  21,  22,  23,  23,  26,  27,  28

  0,   1,   1,   1,   1,   1,   2,   2,   2,   3,   3,   4,   4,   5,   5,   5,   5,   6,   7,   7,   7,   7,   8,   9,   9,   9,  10,  11,  11,  12
  1,   0,   1,   2,   3,   4,   3,   5,   7,   5,   8,   9,  11,  11,  12,  13,  14,  13,  15,  16,  17,  18,  19,  20,  22,  23,  23,  26,  27,  28

  0,   1,   1,   1,   1,   1,   2,   2,   2,   3,   3,   4,   4,   5,   5,   5,   6,   7,   7,   7,   7,   8,   9,   9,   9,  10,  11,  11,  11,  12
  1,   0,   1,   2,   3,   4,   3,   5,   7,   5,   8,   9,  11,  11,  12,  13,  13,  15,  16,  17,  18,  19,  20,  22,  23,  23,  25,  26,  27,  28

  0,   1,   1,   1,   1,   1,   2,   2,   2,   3,   3,   4,   4,   4,   5,   5,   5,   5,   6,   7,   7,   7,   7,   8,   8,   9,   9,  10,  11,  12
  1,   0,   1,   2,   3,   4,   3,   5,   7,   5,   8,   7,   9,  11,  11,  12,  13,  14,  13,  15,  16,  17,  18,  17,  19,  20,  22,  23,  26,  28

  0,   1,   1,   1,   1,   1,   2,   2,   2,   3,   3,   4,   4,   4,   5,   5,   5,   6,   7,   7,   7,   7,   8,   8,   9,   9,  10,  11,  11,  12
  1,   0,   1,   2,   3,   4,   3,   5,   7,   5,   8,   7,   9,  11,  11,  12,  13,  13,  15,  16,  17,  18,  17,  19,  20,  22,  23,  25,  26,  28

  0,   1,   1,   1,   1,   1,   2,   2,   2,   3,   3,   4,   4,   4,   5,   5,   5,   6,   7,   7,   7,   8,   8,   9,   9,   9,  10,  11,  11,  12
  1,   0,   1,   2,   3,   4,   3,   5,   7,   5,   8,   7,   9,  11,  11,  12,  13,  13,  15,  16,  17,  17,  19,  19,  20,  22,  23,  25,  26,  28

  0,   1,   1,   1,   1,   1,   2,   2,   3,   3,   4,   4,   4,   5,   5,   5,   6,   7,   7,   7,   8,   8,   9,   9,   9,  10,  11,  11,  11,  12
  1,   0,   1,   2,   3,   4,   3,   5,   5,   8,   7,   9,  11,  11,  12,  13,  13,  15,  16,  17,  17,  19,  19,  20,  22,  23,  24,  25,  26,  28

  0,   1,   1,   1,   1,   1,   2,   2,   3,   3,   3,   4,   4,   5,   5,   5,   6,   7,   7,   7,   8,   8,   9,   9,  10,  10,  11,  11,  11,  13
  1,   0,   1,   2,   3,   4,   3,   5,   5,   7,   8,   7,   9,   9,  11,  12,  13,  15,  16,  17,  17,  19,  19,  20,  21,  23,  23,  24,  25,  28

  0,   1,   1,   1,   1,   1,   2,   2,   3,   3,   3,   4,   4,   5,   5,   5,   6,   7,   7,   8,   8,   9,   9,  10,  10,  11,  11,  11,  12,  13
  1,   0,   1,   2,   3,   4,   3,   5,   5,   7,   8,   7,   9,   9,  11,  12,  13,  15,  16,  17,  19,  19,  20,  21,  23,  23,  24,  25,  25,  28

  0,   1,   1,   1,   1,   1,   2,   2,   3,   3,   3,   4,   4,   5,   5,   5,   6,   6,   7,   7,   7,   8,   8,   9,   9,  10,  10,  11,  11,  13
  1,   0,   1,   2,   3,   4,   3,   5,   5,   7,   8,   7,   9,   9,  11,  12,  11,  13,  15,  16,  17,  17,  19,  19,  20,  21,  23,  23,  24,  28

  0,   1,   1,   1,   1,   1,   2,   2,   3,   3,   3,   4,   4,   5,   5,   5,   6,   6,   7,   7,   8,   8,   9,   9,  10,  10,  11,  11,  12,  13
  1,   0,   1,   2,   3,   4,   3,   5,   5,   7,   8,   7,   9,   9,  11,  12,  11,  13,  15,  16,  17,  19,  19,  20,  21,  23,  23,  24,  25,  28

  0,   1,   1,   1,   1,   1,   2,   2,   3,   3,   3,   4,   4,   5,   5,   5,   6,   6,   7,   7,   7,   8,   9,   9,  10,  11,  11,  12,  13,  13
  1,   0,   1,   2,   3,   4,   3,   5,   5,   7,   8,   7,   9,   9,  11,  12,  11,  13,  13,  15,  16,  17,  19,  20,  21,  23,  24,  25,  27,  28

  0,   1,   1,   1,   1,   2,   2,   3,   3,   3,   4,   4,   5,   5,   5,   6,   6,   7,   7,   7,   8,   9,   9,  10,  11,  11,  12,  13,  13,  14
  1,   0,   1,   3,   4,   3,   5,   5,   7,   8,   7,   9,   9,  11,  12,  11,  13,  13,  15,  16,  17,  19,  20,  21,  23,  24,  25,  27,  28,  28

  0,   1,   1,   1,   2,   2,   3,   3,   3,   4,   4,   5,   5,   5,   6,   6,   7,   7,   8,   9,   9,  10,  11,  11,  12,  13,  13,  14,  14,  15
  1,   0,   1,   3,   3,   5,   4,   5,   7,   7,   9,   8,   9,  11,  11,  13,  12,  13,  15,  16,  17,  19,  20,  21,  23,  24,  25,  27,  28,  28

  0,   1,   1,   1,   1,   2,   2,   3,   3,   3,   4,   4,   5,   5,   5,   6,   6,   7,   7,   7,   8,   8,   9,   9,  10,  11,  11,  12,  13,  14
  1,   0,   1,   3,   4,   3,   5,   5,   7,   8,   7,   9,   9,  11,  12,  11,  13,  13,  15,  16,  15,  17,  19,  20,  21,  23,  24,  25,  27,  28

  0,   1,   1,   1,   1,   2,   2,   3,   3,   3,   4,   4,   5,   5,   5,   6,   6,   7,   7,   7,   8,   8,   9,   9,   9,  10,  11,  12,  13,  14
  1,   0,   1,   3,   4,   3,   5,   5,   7,   8,   7,   9,   9,  11,  12,  11,  13,  13,  15,  16,  15,  17,  17,  19,  20,  21,  23,  25,  27,  28

  0,   1,   1,   1,   1,   2,   2,   3,   3,   3,   4,   4,   5,   5,   5,   6,   6,   7,   7,   7,   8,   8,   9,   9,  10,  10,  11,  12,  13,  14
  1,   0,   1,   3,   4,   3,   5,   5,   7,   8,   7,   9,   9,  11,  12,  11,  13,  13,  15,  16,  15,  17,  17,  19,  19,  21,  23,  25,  27,  28

  0,   1,   1,   1,   1,   2,   2,   3,   3,   3,   4,   4,   5,   5,   5,   6,   6,   7,   7,   8,   8,   9,   9,  10,  10,  11,  11,  12,  13,  14
  1,   0,   1,   3,   4,   3,   5,   5,   7,   8,   7,   9,   9,  11,  12,  11,  13,  13,  15,  15,  17,  17,  19,  19,  21,  21,  23,  25,  27,  28

  0,   1,   1,   1,   1,   2,   2,   3,   3,   3,   4,   4,   5,   5,   6,   6,   7,   7,   8,   8,   9,   9,  10,  10,  11,  11,  12,  12,  13,  14
  1,   0,   1,   3,   4,   3,   5,   5,   7,   8,   7,   9,   9,  11,  11,  13,  13,  15,  15,  17,  17,  19,  19,  21,  21,  23,  23,  25,  27,  28

  0,   1,   1,   1,   1,   2,   2,   3,   3,   4,   4,   5,   5,   6,   6,   7,   7,   8,   8,   9,   9,  10,  10,  11,  11,  12,  12,  13,  13,  14
  1,   0,   1,   3,   4,   3,   5,   5,   7,   7,   9,   9,  11,  11,  13,  13,  15,  15,  17,  17,  19,  19,  21,  21,  23,  23,  25,  25,  27,  28

  0,   1,   1,   1,   2,   2,   3,   3,   4,   4,   5,   5,   6,   6,   7,   7,   8,   8,   9,   9,  10,  10,  11,  11,  12,  12,  13,  13,  14,  14
  1,   0,   1,   3,   3,   5,   5,   7,   7,   9,   9,  11,  11,  13,  13,  15,  15,  17,  17,  19,  19,  21,  21,  23,  23,  25,  25,  27,  27,  28

  0,   1,   1,   1,   1,   2,   2,   3,   3,   3,   3,   4,   4,   5,   5,   5,   6,   6,   7,   7,   7,   8,   8,   9,   9,  10,  11,  11,  12,  14
  1,   0,   1,   3,   4,   3,   5,   4,   5,   7,   8,   7,   9,   9,  11,  12,  11,  13,  13,  15,  16,  15,  17,  19,  20,  21,  23,  24,  25,  28

  0,   1,   1,   1,   1,   2,   2,   3,   3,   3,   3,   4,   4,   5,   5,   5,   6,   6,   7,   7,   7,   8,   8,   9,   9,   9,  10,  11,  12,  14
  1,   0,   1,   3,   4,   3,   5,   4,   5,   7,   8,   7,   9,   9,  11,  12,  11,  13,  13,  15,  16,  15,  17,  17,  19,  20,  21,  23,  25,  28

  0,   1,   1,   1,   1,   2,   2,   3,   3,   3,   3,   4,   4,   5,   5,   5,   6,   6,   7,   7,   7,   8,   8,   9,   9,  10,  10,  11,  12,  14
  1,   0,   1,   3,   4,   3,   5,   4,   5,   7,   8,   7,   9,   9,  11,  12,  11,  13,  13,  15,  16,  15,  17,  17,  19,  19,  21,  23,  25,  28

  0,   1,   1,   1,   1,   2,   2,   3,   3,   3,   3,   4,   4,   5,   5,   5,   6,   6,   7,   7,   8,   8,   9,   9,  10,  10,  11,  11,  12,  14
  1,   0,   1,   3,   4,   3,   5,   4,   5,   7,   8,   7,   9,   9,  11,  12,  11,  13,  13,  15,  15,  17,  17,  19,  19,  21,  21,  23,  25,  28

  0,   1,   1,   1,   1,   2,   2,   3,   3,   3,   3,   4,   4,   5,   5,   6,   6,   7,   7,   8,   8,   9,   9,  10,  10,  11,  11,  12,  12,  14
  1,   0,   1,   3,   4,   3,   5,   4,   5,   7,   8,   7,   9,   9,  11,  11,  13,  13,  15,  15,  17,  17,  19,  19,  21,  21,  23,  23,  25,  28

  0,   1,   1,   1,   1,   2,   2,   3,   3,   3,   4,   4,   5,   5,   6,   6,   7,   7,   8,   8,   9,   9,  10,  10,  11,  11,  12,  12,  13,  14
  1,   0,   1,   3,   4,   3,   5,   4,   5,   7,   7,   9,   9,  11,  11,  13,  13,  15,  15,  17,  17,  19,  19,  21,  21,  23,  23,  25,  25,  28

  0,   1,   1,   1,   2,   2,   3,   3,   3,   4,   4,   5,   5,   6,   6,   7,   7,   8,   8,   9,   9,  10,  10,  11,  11,  12,  12,  13,  14,  14
  1,   0,   1,   3,   3,   5,   4,   5,   7,   7,   9,   9,  11,  11,  13,  13,  15,  15,  17,  17,  19,  19,  21,  21,  23,  23,  25,  25,  27,  28

  0,   1,   1,   1,   1,   2,   2,   3,   3,   3,   3,   4,   4,   5,   5,   5,   5,   6,   6,   7,   7,   7,   8,   8,   9,   9,   9,  10,  11,  14
  1,   0,   1,   3,   4,   3,   5,   4,   5,   7,   8,   7,   9,   8,   9,  11,  12,  11,  13,  13,  15,  16,  15,  17,  17,  19,  20,  21,  23,  28

  0,   1,   1,   1,   1,   2,   2,   3,   3,   3,   3,   4,   4,   5,   5,   5,   5,   6,   6,   7,   7,   7,   8,   8,   9,   9,  10,  10,  11,  14
  1,   0,   1,   3,   4,   3,   5,   4,   5,   7,   8,   7,   9,   8,   9,  11,  12,  11,  13,  13,  15,  16,  15,  17,  17,  19,  19,  21,  23,  28

  0,   1,   1,   1,   1,   2,   2,   3,   3,   3,   3,   4,   4,   5,   5,   5,   5,   6,   6,   7,   7,   8,   8,   9,   9,  10,  10,  11,  11,  14
  1,   0,   1,   3,   4,   3,   5,   4,   5,   7,   8,   7,   9,   8,   9,  11,  12,  11,  13,  13,  15,  15,  17,  17,  19,  19,  21,  21,  23,  28

  0,   1,   1,   1,   1,   2,   2,   3,   3,   3,   3,   4,   4,   5,   5,   5,   6,   6,   7,   7,   8,   8,   9,   9,  10,  10,  11,  11,  12,  14
  1,   0,   1,   3,   4,   3,   5,   4,   5,   7,   8,   7,   9,   8,   9,  11,  11,  13,  13,  15,  15,  17,  17,  19,  19,  21,  21,  23,  23,  28

  0,   1,   1,   1,   1,   2,   2,   3,   3,   3,   4,   4,   5,   5,   5,   6,   6,   7,   7,   8,   8,   9,   9,  10,  10,  11,  11,  12,  13,  14
  1,   0,   1,   3,   4,   3,   5,   4,   5,   7,   7,   9,   8,   9,  11,  11,  13,  13,  15,  15,  17,  17,  19,  19,  21,  21,  23,  23,  25,  28

  0,   1,   1,   1,   2,   2,   3,   3,   3,   4,   4,   5,   5,   5,   6,   6,   7,   7,   8,   8,   9,   9,  10,  10,  11,  11,  12,  13,  14,  14
  1,   0,   1,   3,   3,   5,   4,   5,   7,   7,   9,   8,   9,  11,  11,  13,  13,  15,  15,  17,  17,  19,  19,  21,  21,  23,  23,  25,  27,  28

  0,   1,   1,   1,   1,   2,   2,   3,   3,   3,   3,   4,   4,   5,   5,   5,   5,   6,   6,   7,   7,   7,   7,   8,   8,   9,   9,  10,  10,  14
  1,   0,   1,   3,   4,   3,   5,   4,   5,   7,   8,   7,   9,   8,   9,  11,  12,  11,  13,  12,  13,  15,  16,  15,  17,  17,  19,  19,  21,  28

  0,   1,   1,   1,   1,   2,   2,   3,   3,   3,   3,   4,   4,   5,   5,   5,   5,   6,   6,   7,   7,   7,   8,   8,   9,   9,  10,  10,  11,  14
  1,   0,   1,   3,   4,   3,   5,   4,   5,   7,   8,   7,   9,   8,   9,  11,  12,  11,  13,  12,  13,  15,  15,  17,  17,  19,  19,  21,  21,  28

  0,   1,   1,   1,   1,   2,   2,   3,   3,   3,   3,   4,   4,   5,   5,   5,   6,   6,   7,   7,   7,   8,   8,   9,   9,  10,  10,  11,  12,  14
  1,   0,   1,   3,   4,   3,   5,   4,   5,   7,   8,   7,   9,   8,   9,  11,  11,  13,  12,  13,  15,  15,  17,  17,  19,  19,  21,  21,  23,  28

  0,   1,   1,   1,   1,   2,   2,   3,   3,   3,   4,   4,   5,   5,   5,   6,   6,   7,   7,   7,   8,   8,   9,   9,  10,  10,  11,  12,  13,  14
  1,   0,   1,   3,   4,   3,   5,   4,   5,   7,   7,   9,   8,   9,  11,  11,  13,  12,  13,  15,  15,  17,  17,  19,  19,  21,  21,  23,  25,  28

  0,   1,   1,   1,   2,   2,   3,   3,   3,   4,   4,   5,   5,   5,   6,   6,   7,   7,   7,   8,   8,   9,   9,  10,  10,  11,  12,  13,  14,  14
  1,   0,   1,   3,   3,   5,   4,   5,   7,   7,   9,   8,   9,  11,  11,  13,  12,  13,  15,  15,  17,  17,  19,  19,  21,  21,  23,  25,  27,  28

  0,   1,   1,   1,   1,   2,   2,   3,   3,   3,   3,   4,   4,   5,   5,   5,   5,   6,   6,   7,   7,   7,   8,   8,   9,   9,   9,  10,  11,  14
  1,   0,   1,   3,   4,   3,   5,   4,   5,   7,   8,   7,   9,   8,   9,  11,  12,  11,  13,  12,  13,  15,  15,  17,  16,  17,  19,  19,  21,  28

  0,   1,   1,   1,   1,   2,   2,   3,   3,   3,   3,   4,   4,   5,   5,   5,   6,   6,   7,   7,   7,   8,   8,   9,   9,   9,  10,  11,  12,  14
  1,   0,   1,   3,   4,   3,   5,   4,   5,   7,   8,   7,   9,   8,   9,  11,  11,  13,  12,  13,  15,  15,  17,  16,  17,  19,  19,  21,  23,  28

  0,   1,   1,   1,   1,   2,   2,   3,   3,   3,   4,   4,   5,   5,   5,   6,   6,   7,   7,   7,   8,   8,   9,   9,   9,  10,  11,  12,  13,  14
  1,   0,   1,   3,   4,   3,   5,   4,   5,   7,   7,   9,   8,   9,  11,  11,  13,  12,  13,  15,  15,  17,  16,  17,  19,  19,  21,  23,  25,  28

  0,   1,   1,   1,   2,   2,   3,   3,   3,   4,   4,   5,   5,   5,   6,   6,   7,   7,   7,   8,   8,   9,   9,   9,  10,  11,  12,  13,  14,  14
  1,   0,   1,   3,   3,   5,   4,   5,   7,   7,   9,   8,   9,  11,  11,  13,  12,  13,  15,  15,  17,  16,  17,  19,  19,  21,  23,  25,  27,  28

  0,   1,   1,   1,   1,   2,   2,   3,   3,   3,   3,   4,   4,   5,   5,   5,   6,   6,   7,   7,   7,   8,   8,   9,   9,  10,  11,  11,  12,  14
  1,   0,   1,   3,   4,   3,   5,   4,   5,   7,   8,   7,   9,   8,   9,  11,  11,  13,  12,  13,  15,  15,  17,  16,  17,  19,  20,  21,  23,  28

  0,   1,   1,   1,   1,   2,   2,   3,   3,   3,   4,   4,   5,   5,   5,   6,   6,   7,   7,   7,   8,   8,   9,   9,  10,  11,  11,  12,  13,  14
  1,   0,   1,   3,   4,   3,   5,   4,   5,   7,   7,   9,   8,   9,  11,  11,  13,  12,  13,  15,  15,  17,  16,  17,  19,  20,  21,  23,  25,  28

  0,   1,   1,   1,   2,   2,   3,   3,   3,   4,   4,   5,   5,   5,   6,   6,   7,   7,   7,   8,   8,   9,   9,  10,  11,  11,  12,  13,  14,  14
  1,   0,   1,   3,   3,   5,   4,   5,   7,   7,   9,   8,   9,  11,  11,  13,  12,  13,  15,  15,  17,  16,  17,  19,  20,  21,  23,  25,  27,  28

  0,   1,   1,   1,   1,   2,   2,   3,   3,   3,   4,   4,   5,   5,   5,   6,   6,   7,   7,   7,   8,   9,   9,  10,  11,  11,  12,  13,  13,  14
  1,   0,   1,   3,   4,   3,   5,   4,   5,   7,   7,   9,   8,   9,  11,  11,  13,  12,  13,  15,  15,  16,  17,  19,  20,  21,  23,  24,  25,  28

  0,   1,   1,   1,   2,   2,   3,   3,   3,   4,   4,   5,   5,   5,   6,   6,   7,   7,   7,   8,   9,   9,  10,  11,  11,  12,  13,  13,  14,  14
  1,   0,   1,   3,   3,   5,   4,   5,   7,   7,   9,   8,   9,  11,  11,  13,  12,  13,  15,  15,  16,  17,  19,  20,  21,  23,  24,  25,  27,  28

  0,   1,   1,   1,   1,   1,   1,   1,   1,   1,   1,   1,   1,   1,   1,   1,   1,   1,   1,   1,   1,   2,   2,   2,   2,   2,   2,   2,   2,   2
 14, -13, -12, -11, -10,  -9,  -8,  -7,  -6,  -5,  -4,  -3,  -2,  -1,   1,   2,   3,   4,   5,   6,   7, -13, -11,  -9,  -7,  -5,  -3,  -1,   0,   1

  0,   1,   1,   1,   1,   1,   1,   1,   1,   1,   1,   1,   1,   1,   1,   1,   1,   1,   1,   1,   1,   2,   2,   2,   2,   2,   2,   2,   2,   2
 14, -12, -11, -10,  -9,  -8,  -7,  -6,  -5,  -4,  -3,  -2,  -1,   1,   2,   3,   4,   5,   6,   7,   8, -11,  -9,  -7,  -5,  -3,  -1,   0,   1,   3

  0,   1,   1,   1,   1,   1,   1,   1,   1,   1,   1,   1,   1,   1,   1,   1,   1,   1,   1,   1,   1,   2,   2,   2,   2,   2,   2,   2,   2,   2
 14, -11, -10,  -9,  -8,  -7,  -6,  -5,  -4,  -3,  -2,  -1,   1,   2,   3,   4,   5,   6,   7,   8,   9,  -9,  -7,  -5,  -3,  -1,   0,   1,   3,   5

  0,   1,   1,   1,   1,   1,   1,   1,   1,   1,   1,   1,   1,   1,   1,   1,   1,   1,   1,   1,   1,   2,   2,   2,   2,   2,   2,   2,   2,   2
 14, -10,  -9,  -8,  -7,  -6,  -5,  -4,  -3,  -2,  -1,   1,   2,   3,   4,   5,   6,   7,   8,   9,  10,  -7,  -5,  -3,  -1,   0,   1,   3,   5,   7

  0,   1,   1,   1,   1,   1,   1,   1,   1,   1,   1,   1,   1,   1,   1,   1,   1,   1,   1,   1,   1,   2,   2,   2,   2,   2,   2,   2,   2,   2
 14,  -9,  -8,  -7,  -6,  -5,  -4,  -3,  -2,  -1,   1,   2,   3,   4,   5,   6,   7,   8,   9,  10,  11,  -5,  -3,  -1,   0,   1,   3,   5,   7,   9

  0,   1,   1,   1,   1,   1,   1,   1,   1,   1,   1,   1,   1,   1,   1,   1,   1,   1,   1,   1,   1,   2,   2,   2,   2,   2,   2,   2,   2,   2
 14,  -8,  -7,  -6,  -5,  -4,  -3,  -2,  -1,   1,   2,   3,   4,   5,   6,   7,   8,   9,  10,  11,  12,  -3,  -1,   0,   1,   3,   5,   7,   9,  11

  0,   1,   1,   1,   1,   1,   1,   1,   1,   1,   1,   1,   1,   1,   1,   1,   1,   1,   1,   1,   1,   2,   2,   2,   2,   2,   2,   2,   2,   2
 14,  -7,  -6,  -5,  -4,  -3,  -2,  -1,   1,   2,   3,   4,   5,   6,   7,   8,   9,  10,  11,  12,  13,  -1,   0,   1,   3,   5,   7,   9,  11,  13

  0,   1,   1,   1,   1,   1,   1,   1,   1,   1,   1,   1,   1,   1,   1,   1,   1,   1,   1,   1,   1,   1,   2,   2,   2,   2,   2,   2,   2,   2
 14,  -7,  -6,  -5,  -4,  -3,  -2,  -1,   1,   2,   3,   4,   5,   6,   7,   8,   9,  10,  11,  12,  13,  14,   0,   1,   3,   5,   7,   9,  11,  13

  0,   1,   1,   1,   1,   1,   1,   1,   1,   1,   1,   1,   1,   1,   1,   1,   1,   1,   1,   1,   1,   1,   2,   2,   2,   2,   2,   2,   2,   2
 14,  -8,  -7,  -6,  -5,  -4,  -3,  -2,  -1,   1,   2,   3,   4,   5,   6,   7,   8,   9,  10,  11,  12,  13,  -1,   0,   1,   3,   5,   7,   9,  11

  0,   1,   1,   1,   1,   1,   1,   1,   1,   1,   1,   1,   1,   1,   1,   1,   1,   1,   1,   1,   1,   1,   1,   2,   2,   2,   2,   2,   2,   2
 14,  -8,  -7,  -6,  -5,  -4,  -3,  -2,  -1,   1,   2,   3,   4,   5,   6,   7,   8,   9,  10,  11,  12,  13,  14,   0,   1,   3,   5,   7,   9,  11

  0,   1,   1,   1,   1,   1,   1,   1,   1,   1,   1,   1,   1,   1,   1,   1,   1,   1,   1,   1,   1,   1,   2,   2,   2,   2,   2,   2,   2,   2
 14,  -9,  -8,  -7,  -6,  -5,  -4,  -3,  -2,  -1,   1,   2,   3,   4,   5,   6,   7,   8,   9,  10,  11,  12,  -3,  -1,   0,   1,   3,   5,   7,   9

  0,   1,   1,   1,   1,   1,   1,   1,   1,   1,   1,   1,   1,   1,   1,   1,   1,   1,   1,   1,   1,   1,   1,   2,   2,   2,   2,   2,   2,   2
 14,  -9,  -8,  -7,  -6,  -5,  -4,  -3,  -2,  -1,   1,   2,   3,   4,   5,   6,   7,   8,   9,  10,  11,  12,  13,  -1,   0,   1,   3,   5,   7,   9

  0,   1,   1,   1,   1,   1,   1,   1,   1,   1,   1,   1,   1,   1,   1,   1,   1,   1,   1,   1,   1,   1,   1,   1,   2,   2,   2,   2,   2,   2
 14,  -9,  -8,  -7,  -6,  -5,  -4,  -3,  -2,  -1,   1,   2,   3,   4,   5,   6,   7,   8,   9,  10,  11,  12,  13,  14,   0,   1,   3,   5,   7,   9

  0,   1,   1,   1,   1,   1,   1,   1,   1,   1,   1,   1,   1,   1,   1,   1,   1,   1,   1,   1,   1,   1,   2,   2,   2,   2,   2,   2,   2,   2
 14, -10,  -9,  -8,  -7,  -6,  -5,  -4,  -3,  -2,  -1,   1,   2,   3,   4,   5,   6,   7,   8,   9,  10,  11,  -5,  -3,  -1,   0,   1,   3,   5,   7

  0,   1,   1,   1,   1,   1,   1,   1,   1,   1,   1,   1,   1,   1,   1,   1,   1,   1,   1,   1,   1,   1,   1,   2,   2,   2,   2,   2,   2,   2
 14, -10,  -9,  -8,  -7,  -6,  -5,  -4,  -3,  -2,  -1,   1,   2,   3,   4,   5,   6,   7,   8,   9,  10,  11,  12,  -3,  -1,   0,   1,   3,   5,   7

  0,   1,   1,   1,   1,   1,   1,   1,   1,   1,   1,   1,   1,   1,   1,   1,   1,   1,   1,   1,   1,   1,   1,   1,   2,   2,   2,   2,   2,   2
 14, -10,  -9,  -8,  -7,  -6,  -5,  -4,  -3,  -2,  -1,   1,   2,   3,   4,   5,   6,   7,   8,   9,  10,  11,  12,  13,  -1,   0,   1,   3,   5,   7

  0,   1,   1,   1,   1,   1,   1,   1,   1,   1,   1,   1,   1,   1,   1,   1,   1,   1,   1,   1,   1,   1,   1,   1,   1,   2,   2,   2,   2,   2
 14, -10,  -9,  -8,  -7,  -6,  -5,  -4,  -3,  -2,  -1,   1,   2,   3,   4,   5,   6,   7,   8,   9,  10,  11,  12,  13,  14,   0,   1,   3,   5,   7

  0,   1,   1,   1,   1,   1,   1,   1,   1,   1,   1,   1,   1,   1,   1,   1,   1,   1,   1,   1,   1,   1,   2,   2,   2,   2,   2,   2,   2,   2
 14, -11, -10,  -9,  -8,  -7,  -6,  -5,  -4,  -3,  -2,  -1,   1,   2,   3,   4,   5,   6,   7,   8,   9,  10,  -7,  -5,  -3,  -1,   0,   1,   3,   5

  0,   1,   1,   1,   1,   1,   1,   1,   1,   1,   1,   1,   1,   1,   1,   1,   1,   1,   1,   1,   1,   1,   1,   2,   2,   2,   2,   2,   2,   2
 14, -11, -10,  -9,  -8,  -7,  -6,  -5,  -4,  -3,  -2,  -1,   1,   2,   3,   4,   5,   6,   7,   8,   9,  10,  11,  -5,  -3,  -1,   0,   1,   3,   5

  0,   1,   1,   1,   1,   1,   1,   1,   1,   1,   1,   1,   1,   1,   1,   1,   1,   1,   1,   1,   1,   1,   1,   1,   2,   2,   2,   2,   2,   2
 14, -11, -10,  -9,  -8,  -7,  -6,  -5,  -4,  -3,  -2,  -1,   1,   2,   3,   4,   5,   6,   7,   8,   9,  10,  11,  12,  -3,  -1,   0,   1,   3,   5

  0,   1,   1,   1,   1,   1,   1,   1,   1,   1,   1,   1,   1,   1,   1,   1,   1,   1,   1,   1,   1,   1,   1,   1,   1,   2,   2,   2,   2,   2
 14, -11, -10,  -9,  -8,  -7,  -6,  -5,  -4,  -3,  -2,  -1,   1,   2,   3,   4,   5,   6,   7,   8,   9,  10,  11,  12,  13,  -1,   0,   1,   3,   5

  0,   1,   1,   1,   1,   1,   1,   1,   1,   1,   1,   1,   1,   1,   1,   1,   1,   1,   1,   1,   1,   1,   1,   1,   1,   1,   2,   2,   2,   2
 14, -11, -10,  -9,  -8,  -7,  -6,  -5,  -4,  -3,  -2,  -1,   1,   2,   3,   4,   5,   6,   7,   8,   9,  10,  11,  12,  13,  14,   0,   1,   3,   5

  0,   1,   1,   1,   1,   1,   1,   1,   1,   1,   1,   1,   1,   1,   1,   1,   1,   1,   1,   1,   1,   1,   2,   2,   2,   2,   2,   2,   2,   2
 14, -12, -11, -10,  -9,  -8,  -7,  -6,  -5,  -4,  -3,  -2,  -1,   1,   2,   3,   4,   5,   6,   7,   8,   9,  -9,  -7,  -5,  -3,  -1,   0,   1,   3

  0,   1,   1,   1,   1,   1,   1,   1,   1,   1,   1,   1,   1,   1,   1,   1,   1,   1,   1,   1,   1,   1,   1,   2,   2,   2,   2,   2,   2,   2
 14, -12, -11, -10,  -9,  -8,  -7,  -6,  -5,  -4,  -3,  -2,  -1,   1,   2,   3,   4,   5,   6,   7,   8,   9,  10,  -7,  -5,  -3,  -1,   0,   1,   3

  0,   1,   1,   1,   1,   1,   1,   1,   1,   1,   1,   1,   1,   1,   1,   1,   1,   1,   1,   1,   1,   1,   1,   1,   2,   2,   2,   2,   2,   2
 14, -12, -11, -10,  -9,  -8,  -7,  -6,  -5,  -4,  -3,  -2,  -1,   1,   2,   3,   4,   5,   6,   7,   8,   9,  10,  11,  -5,  -3,  -1,   0,   1,   3

  0,   1,   1,   1,   1,   1,   1,   1,   1,   1,   1,   1,   1,   1,   1,   1,   1,   1,   1,   1,   1,   1,   1,   1,   1,   2,   2,   2,   2,   2
 14, -12, -11, -10,  -9,  -8,  -7,  -6,  -5,  -4,  -3,  -2,  -1,   1,   2,   3,   4,   5,   6,   7,   8,   9,  10,  11,  12,  -3,  -1,   0,   1,   3

  0,   1,   1,   1,   1,   1,   1,   1,   1,   1,   1,   1,   1,   1,   1,   1,   1,   1,   1,   1,   1,   1,   1,   1,   1,   1,   2,   2,   2,   2
 14, -12, -11, -10,  -9,  -8,  -7,  -6,  -5,  -4,  -3,  -2,  -1,   1,   2,   3,   4,   5,   6,   7,   8,   9,  10,  11,  12,  13,  -1,   0,   1,   3

  0,   1,   1,   1,   1,   1,   1,   1,   1,   1,   1,   1,   1,   1,   1,   1,   1,   1,   1,   1,   1,   1,   1,   1,   1,   1,   1,   2,   2,   2
 14, -12, -11, -10,  -9,  -8,  -7,  -6,  -5,  -4,  -3,  -2,  -1,   1,   2,   3,   4,   5,   6,   7,   8,   9,  10,  11,  12,  13,  14,   0,   1,   3

  0,   1,   1,   1,   1,   1,   1,   1,   1,   1,   1,   1,   1,   1,   1,   1,   1,   1,   1,   1,   1,   1,   2,   2,   2,   2,   2,   2,   2,   2
 14, -13, -12, -11, -10,  -9,  -8,  -7,  -6,  -5,  -4,  -3,  -2,  -1,   1,   2,   3,   4,   5,   6,   7,   8, -11,  -9,  -7,  -5,  -3,  -1,   0,   1

  0,   1,   1,   1,   1,   1,   1,   1,   1,   1,   1,   1,   1,   1,   1,   1,   1,   1,   1,   1,   1,   1,   1,   2,   2,   2,   2,   2,   2,   2
 14, -13, -12, -11, -10,  -9,  -8,  -7,  -6,  -5,  -4,  -3,  -2,  -1,   1,   2,   3,   4,   5,   6,   7,   8,   9,  -9,  -7,  -5,  -3,  -1,   0,   1

  0,   1,   1,   1,   1,   1,   1,   1,   1,   1,   1,   1,   1,   1,   1,   1,   1,   1,   1,   1,   1,   1,   1,   1,   2,   2,   2,   2,   2,   2
 14, -13, -12, -11, -10,  -9,  -8,  -7,  -6,  -5,  -4,  -3,  -2,  -1,   1,   2,   3,   4,   5,   6,   7,   8,   9,  10,  -7,  -5,  -3,  -1,   0,   1

  0,   1,   1,   1,   1,   1,   1,   1,   1,   1,   1,   1,   1,   1,   1,   1,   1,   1,   1,   1,   1,   1,   1,   1,   1,   2,   2,   2,   2,   2
 14, -13, -12, -11, -10,  -9,  -8,  -7,  -6,  -5,  -4,  -3,  -2,  -1,   1,   2,   3,   4,   5,   6,   7,   8,   9,  10,  11,  -5,  -3,  -1,   0,   1

  0,   1,   1,   1,   1,   1,   1,   1,   1,   1,   1,   1,   1,   1,   1,   1,   1,   1,   1,   1,   1,   1,   1,   1,   1,   1,   2,   2,   2,   2
 14, -13, -12, -11, -10,  -9,  -8,  -7,  -6,  -5,  -4,  -3,  -2,  -1,   1,   2,   3,   4,   5,   6,   7,   8,   9,  10,  11,  12,  -3,  -1,   0,   1

  0,   1,   1,   1,   1,   1,   1,   1,   1,   1,   1,   1,   1,   1,   1,   1,   1,   1,   1,   1,   1,   1,   1,   1,   1,   1,   1,   2,   2,   2
 14, -13, -12, -11, -10,  -9,  -8,  -7,  -6,  -5,  -4,  -3,  -2,  -1,   1,   2,   3,   4,   5,   6,   7,   8,   9,  10,  11,  12,  13,  -1,   0,   1

  0,   1,   1,   1,   1,   1,   1,   1,   1,   1,   1,   1,   1,   1,   1,   1,   1,   1,   1,   1,   1,   1,   1,   1,   1,   1,   1,   1,   2,   2
 14, -13, -12, -11, -10,  -9,  -8,  -7,  -6,  -5,  -4,  -3,  -2,  -1,   1,   2,   3,   4,   5,   6,   7,   8,   9,  10,  11,  12,  13,  14,   0,   1

  0,   1,   1,   1,   1,   1,   1,   1,   1,   1,   1,   1,   1,   1,   1,   1,   1,   1,   1,   1,   1,   1,   2,   2,   2,   2,   2,   2,   2,   2
 14, -14, -13, -12, -11, -10,  -9,  -8,  -7,  -6,  -5,  -4,  -3,  -2,  -1,   1,   2,   3,   4,   5,   6,   7, -13, -11,  -9,  -7,  -5,  -3,  -1,   0

  0,   1,   1,   1,   1,   1,   1,   1,   1,   1,   1,   1,   1,   1,   1,   1,   1,   1,   1,   1,   1,   1,   1,   2,   2,   2,   2,   2,   2,   2
 14, -14, -13, -12, -11, -10,  -9,  -8,  -7,  -6,  -5,  -4,  -3,  -2,  -1,   1,   2,   3,   4,   5,   6,   7,   8, -11,  -9,  -7,  -5,  -3,  -1,   0

  0,   1,   1,   1,   1,   1,   1,   1,   1,   1,   1,   1,   1,   1,   1,   1,   1,   1,   1,   1,   1,   1,   1,   1,   2,   2,   2,   2,   2,   2
 14, -14, -13, -12, -11, -10,  -9,  -8,  -7,  -6,  -5,  -4,  -3,  -2,  -1,   1,   2,   3,   4,   5,   6,   7,   8,   9,  -9,  -7,  -5,  -3,  -1,   0

  0,   1,   1,   1,   1,   1,   1,   1,   1,   1,   1,   1,   1,   1,   1,   1,   1,   1,   1,   1,   1,   1,   1,   1,   1,   2,   2,   2,   2,   2
 14, -14, -13, -12, -11, -10,  -9,  -8,  -7,  -6,  -5,  -4,  -3,  -2,  -1,   1,   2,   3,   4,   5,   6,   7,   8,   9,  10,  -7,  -5,  -3,  -1,   0

  0,   1,   1,   1,   1,   1,   1,   1,   1,   1,   1,   1,   1,   1,   1,   1,   1,   1,   1,   1,   1,   1,   1,   1,   1,   1,   2,   2,   2,   2
 14, -14, -13, -12, -11, -10,  -9,  -8,  -7,  -6,  -5,  -4,  -3,  -2,  -1,   1,   2,   3,   4,   5,   6,   7,   8,   9,  10,  11,  -5,  -3,  -1,   0

  0,   1,   1,   1,   1,   1,   1,   1,   1,   1,   1,   1,   1,   1,   1,   1,   1,   1,   1,   1,   1,   1,   1,   1,   1,   1,   1,   2,   2,   2
 14, -14, -13, -12, -11, -10,  -9,  -8,  -7,  -6,  -5,  -4,  -3,  -2,  -1,   1,   2,   3,   4,   5,   6,   7,   8,   9,  10,  11,  12,  -3,  -1,   0

  0,   1,   1,   1,   1,   1,   1,   1,   1,   1,   1,   1,   1,   1,   1,   1,   1,   1,   1,   1,   1,   1,   1,   1,   1,   1,   1,   1,   2,   2
 14, -14, -13, -12, -11, -10,  -9,  -8,  -7,  -6,  -5,  -4,  -3,  -2,  -1,   1,   2,   3,   4,   5,   6,   7,   8,   9,  10,  11,  12,  13,  -1,   0

  0,   1,   1,   1,   1,   1,   1,   1,   1,   1,   1,   1,   1,   1,   1,   1,   1,   1,   1,   1,   1,   1,   1,   1,   1,   1,   1,   1,   1,   2
 14, -14, -13, -12, -11, -10,  -9,  -8,  -7,  -6,  -5,  -4,  -3,  -2,  -1,   1,   2,   3,   4,   5,   6,   7,   8,   9,  10,  11,  12,  13,  14,   0

  0,   1,   1,   1,   1,   1,   1,   1,   1,   1,   1,   1,   1,   1,   1,   1,   1,   1,   1,   1,   1,   2,   2,   2,   2,   2,   2,   2,   2,   2
  1,  -7,  -6,  -5,  -4,  -3,  -2,  -1,   1,   2,   3,   4,   5,   6,   8,   9,  10,  11,  12,  13,  14,   0,   1,   3,   5,   7,   9,  11,  13,  14

  0,   1,   1,   1,   1,   1,   1,   1,   1,   1,   1,   1,   1,   1,   1,   1,   2,   2,   2,   2,   2,   2,   2,   2,   2,   3,   3,   3,   3,   3
  1,  -4,  -3,  -2,  -1,   1,   2,   3,   4,   5,   6,   8,   9,  10,  11,  12,   0,   1,   3,   5,   7,   9,  11,  13,  14,   8,  10,  11,  13,  14

  0,   1,   1,   1,   1,   1,   1,   1,   1,   1,   1,   1,   1,   1,   1,   2,   2,   2,   2,   2,   2,   2,   2,   2,   3,   3,   3,   3,   3,   3
  1,  -4,  -3,  -2,  -1,   1,   2,   3,   4,   5,   6,   8,   9,  10,  11,   0,   1,   3,   5,   7,   9,  11,  13,  14,   7,   8,  10,  11,  13,  14

  0,   1,   1,   1,   1,   1,   1,   1,   1,   1,   1,   1,   1,   1,   1,   1,   1,   2,   2,   2,   2,   2,   2,   2,   2,   2,   3,   3,   3,   3
  1,  -5,  -4,  -3,  -2,  -1,   1,   2,   3,   4,   5,   6,   8,   9,  10,  11,  12,   0,   1,   3,   5,   7,   9,  11,  13,  14,   8,  10,  11,  13

  0,   1,   1,   1,   1,   1,   1,   1,   1,   1,   1,   1,   1,   1,   1,   1,   2,   2,   2,   2,   2,   2,   2,   2,   2,   3,   3,   3,   3,   3
  1,  -5,  -4,  -3,  -2,  -1,   1,   2,   3,   4,   5,   6,   8,   9,  10,  11,   0,   1,   3,   5,   7,   9,  11,  13,  14,   7,   8,  10,  11,  13

  0,   1,   1,   1,   1,   1,   1,   1,   1,   1,   1,   1,   1,   2,   2,   2,   2,   2,   2,   3,   3,   3,   3,   3,   3,   3,   4,   4,   4,   4
  1,  -3,  -2,  -1,   1,   2,   3,   4,   5,   6,   7,   8,   9,   0,   1,   3,   5,   9,  11,   4,   5,   7,   8,  10,  11,  13,   9,  11,  13,  14

  0,   1,   1,   1,   1,   1,   1,   1,   1,   1,   1,   2,   2,   2,   2,   2,   3,   3,   3,   3,   3,   3,   4,   4,   4,   4,   4,   5,   5,   5
  1,  -2,  -1,   1,   2,   3,   4,   5,   6,   7,   8,   0,   1,   3,   5,   9,   4,   5,   7,   8,  10,  11,   7,   9,  11,  13,  14,  12,  13,  14

  0,   1,   1,   1,   1,   1,   1,   1,   1,   1,   2,   2,   2,   2,   2,   3,   3,   3,   3,   3,   3,   4,   4,   4,   4,   4,   5,   5,   5,   5
  1,  -2,  -1,   1,   2,   3,   4,   5,   6,   7,   0,   1,   3,   5,   9,   4,   5,   7,   8,  10,  11,   7,   9,  11,  13,  14,  11,  12,  13,  14

  0,   1,   1,   1,   1,   1,   1,   1,   1,   1,   1,   1,   2,   2,   2,   2,   2,   3,   3,   3,   3,   3,   3,   4,   4,   4,   4,   4,   5,   5
  1,  -3,  -2,  -1,   1,   2,   3,   4,   5,   6,   7,   8,   0,   1,   3,   5,   9,   4,   5,   7,   8,  10,  11,   7,   9,  11,  13,  14,  12,  13

  0,   1,   1,   1,   1,   1,   1,   1,   1,   1,   1,   2,   2,   2,   2,   2,   3,   3,   3,   3,   3,   3,   4,   4,   4,   4,   4,   5,   5,   5
  1,  -3,  -2,  -1,   1,   2,   3,   4,   5,   6,   7,   0,   1,   3,   5,   9,   4,   5,   7,   8,  10,  11,   7,   9,  11,  13,  14,  11,  12,  13

  0,   1,   1,   1,   1,   1,   1,   1,   2,   2,   2,   2,   2,   3,   3,   3,   3,   3,   4,   4,   4,   4,   5,   5,   5,   5,   5,   6,   6,   7
  1,  -2,  -1,   1,   3,   4,   5,   6,   0,   1,   3,   5,   7,   4,   5,   7,   8,  10,   5,   7,   9,  11,   8,   9,  11,  12,  13,  11,  13,  14

  0,   1,   1,   1,   1,   1,   1,   1,   2,   2,   2,   2,   2,   3,   3,   3,   3,   3,   3,   4,   4,   4,   4,   5,   5,   5,   5,   6,   6,   7
  1,  -2,  -1,   1,   3,   4,   5,   6,   0,   1,   3,   5,   7,   2,   4,   5,   7,   8,  10,   5,   7,   9,  11,   8,   9,  11,  12,  11,  13,  14

  0,   1,   1,   1,   1,   1,   1,   1,   2,   2,   2,   2,   2,   3,   3,   3,   3,   3,   4,   4,   4,   4,   5,   5,   5,   5,   5,   6,   6,   7
  1,  -2,  -1,   1,   3,   4,   5,   6,   0,   1,   3,   5,   7,   2,   4,   5,   7,   8,   5,   7,   9,  11,   7,   8,   9,  11,  12,  11,  13,  14

  0,   1,   1,   1,   1,   1,   1,   2,   2,   2,   2,   2,   3,   3,   3,   3,   3,   4,   4,   4,   4,   5,   5,   5,   5,   5,   6,   6,   7,   7
  1,  -2,  -1,   1,   3,   4,   5,   0,   1,   3,   5,   7,   2,   4,   5,   7,   8,   5,   7,   9,  11,   7,   8,   9,  11,  12,  11,  13,  13,  14

  0,   1,   1,   1,   1,   1,   1,   2,   2,   2,   2,   2,   3,   3,   3,   3,   3,   4,   4,   4,   5,   5,   5,   5,   5,   6,   6,   7,   7,   7
  1,  -2,  -1,   1,   3,   4,   5,   0,   1,   3,   5,   7,   2,   4,   5,   7,   8,   5,   7,   9,   7,   8,   9,  11,  12,  11,  13,  12,  13,  14

  0,   1,   1,   1,   1,   1,   1,   2,   2,   2,   2,   2,   3,   3,   3,   3,   3,   4,   4,   4,   5,   5,   5,   5,   6,   6,   7,   7,   7,   7
  1,  -2,  -1,   1,   3,   4,   5,   0,   1,   3,   5,   7,   2,   4,   5,   7,   8,   5,   7,   9,   7,   8,   9,  11,  11,  13,  11,  12,  13,  14

  0,   1,   1,   1,   1,   1,   1,   2,   2,   2,   2,   2,   3,   3,   3,   3,   3,   4,   4,   4,   5,   5,   5,   5,   5,   6,   7,   7,   7,   7
  1,  -2,  -1,   1,   3,   4,   5,   0,   1,   3,   5,   7,   2,   4,   5,   7,   8,   5,   7,   9,   6,   7,   8,   9,  11,  11,  11,  12,  13,  14

  0,   1,   1,   1,   1,   1,   1,   2,   2,   2,   2,   3,   3,   3,   3,   3,   4,   4,   4,   5,   5,   5,   5,   5,   6,   7,   7,   7,   7,   7
  1,  -2,  -1,   1,   3,   4,   5,   0,   1,   3,   5,   2,   4,   5,   7,   8,   5,   7,   9,   6,   7,   8,   9,  11,  11,  10,  11,  12,  13,  14

  0,   1,   1,   1,   1,   1,   2,   2,   2,   2,   3,   3,   3,   3,   3,   4,   4,   4,   5,   5,   5,   5,   5,   6,   7,   7,   7,   7,   7,   8
  1,  -1,   1,   3,   4,   5,   0,   1,   3,   5,   2,   4,   5,   7,   8,   5,   7,   9,   6,   7,   8,   9,  11,  11,  10,  11,  12,  13,  14,  13

  0,   1,   1,   1,   1,   1,   1,   1,   1,   1,   1,   1,   1,   2,   2,   2,   2,   2,   2,   3,   3,   3,   3,   3,   3,   4,   4,   4,   4,   4
  7,  -7,  -6,  -5,  -4,  -3,  -2,  -1,   1,   2,   3,   4,   5,  -7,  -5,  -3,  -1,   1,   3,  -7,  -5,  -4,  -2,  -1,   1,  -7,  -5,  -3,  -1,   0

  0,   1,   1,   1,   1,   1,   1,   1,   1,   1,   1,   1,   1,   2,   2,   2,   2,   2,   2,   3,   3,   3,   3,   3,   3,   4,   4,   4,   4,   4
  7,  -5,  -4,  -3,  -2,  -1,   1,   2,   3,   4,   5,   6,   7,  -3,  -1,   1,   3,   5,   7,  -1,   1,   2,   4,   5,   7,   0,   1,   3,   5,   7

  0,   1,   1,   1,   1,   1,   1,   1,   1,   1,   1,   1,   1,   2,   2,   2,   2,   2,   2,   3,   3,   3,   3,   3,   3,   3,   4,   4,   4,   4
  7,  -5,  -4,  -3,  -2,  -1,   1,   2,   3,   4,   5,   6,   7,  -3,  -1,   1,   3,   5,   7,  -2,  -1,   1,   2,   4,   5,   7,   0,   1,   3,   5

  0,   1,   1,   1,   1,   1,   1,   1,   1,   1,   1,   1,   1,   1,   2,   2,   2,   2,   2,   2,   3,   3,   3,   3,   3,   3,   3,   4,   4,   4
  7,  -6,  -5,  -4,  -3,  -2,  -1,   1,   2,   3,   4,   5,   6,   7,  -3,  -1,   1,   3,   5,   7,  -2,  -1,   1,   2,   4,   5,   7,   0,   1,   3

  0,   1,   1,   1,   1,   1,   1,   1,   1,   1,   1,   1,   1,   1,   2,   2,   2,   2,   2,   2,   2,   3,   3,   3,   3,   3,   3,   4,   4,   4
  7,  -6,  -5,  -4,  -3,  -2,  -1,   1,   2,   3,   4,   5,   6,   7,  -5,  -3,  -1,   1,   3,   5,   7,  -2,  -1,   1,   2,   4,   5,   0,   1,   3

  0,   1,   1,   1,   1,   1,   1,   1,   1,   1,   1,   1,   1,   2,   2,   2,   2,   2,   2,   3,   3,   3,   3,   3,   3,   4,   4,   4,   4,   4
  7,  -6,  -5,  -4,  -3,  -2,  -1,   1,   2,   3,   4,   5,   6,  -5,  -3,  -1,   1,   3,   5,  -4,  -2,  -1,   1,   2,   4,  -3,  -1,   0,   1,   3

  0,   1,   1,   1,   1,   1,   1,   1,   1,   1,   1,   1,   1,   1,   2,   2,   2,   2,   2,   2,   3,   3,   3,   3,   3,   3,   3,   4,   4,   4
  7,  -6,  -5,  -4,  -3,  -2,  -1,   1,   2,   3,   4,   5,   6,   7,  -5,  -3,  -1,   1,   3,   5,  -4,  -2,  -1,   1,   2,   4,   5,   0,   1,   3

  0,   1,   1,   1,   1,   1,   1,   1,   1,   1,   1,   1,   1,   2,   2,   2,   2,   2,   2,   3,   3,   3,   3,   3,   3,   3,   4,   4,   4,   4
  7,  -6,  -5,  -4,  -3,  -2,  -1,   1,   2,   3,   4,   5,   6,  -5,  -3,  -1,   1,   3,   5,  -4,  -2,  -1,   1,   2,   4,   5,  -1,   0,   1,   3

  0,   1,   1,   1,   1,   1,   1,   1,   1,   1,   1,   1,   1,   2,   2,   2,   2,   2,   2,   3,   3,   3,   3,   3,   3,   3,   4,   4,   4,   4
  7,  -6,  -5,  -4,  -3,  -2,  -1,   1,   2,   3,   4,   5,   6,  -5,  -3,  -1,   1,   3,   5,  -5,  -4,  -2,  -1,   1,   2,   4,  -3,  -1,   0,   1

  0,   1,   1,   1,   1,   1,   1,   1,   1,   1,   1,   1,   1,   1,   2,   2,   2,   2,   2,   2,   2,   3,   3,   3,   3,   3,   3,   4,   4,   4
  7,  -7,  -6,  -5,  -4,  -3,  -2,  -1,   1,   2,   3,   4,   5,   6,  -7,  -5,  -3,  -1,   1,   3,   5,  -5,  -4,  -2,  -1,   1,   2,  -3,  -1,   0

  0,   1,   1,   1,   1,   1,   1,   1,   1,   1,   1,   1,   1,   1,   2,   2,   2,   2,   2,   2,   3,   3,   3,   3,   3,   3,   3,   4,   4,   4
  7,  -7,  -6,  -5,  -4,  -3,  -2,  -1,   1,   2,   3,   4,   5,   6,  -5,  -3,  -1,   1,   3,   5,  -5,  -4,  -2,  -1,   1,   2,   4,  -3,  -1,   0

  0,   1,   1,   1,   1,   1,   1,   1,   1,   1,   1,   1,   1,   2,   2,   2,   2,   2,   2,   3,   3,   3,   3,   3,   3,   3,   4,   4,   4,   4
  7,  -7,  -6,  -5,  -4,  -3,  -2,  -1,   1,   2,   3,   4,   5,  -7,  -5,  -3,  -1,   1,   3,  -7,  -5,  -4,  -2,  -1,   1,   2,  -5,  -3,  -1,   0

  0,   1,   1,   1,   1,   1,   1,   1,   1,   1,   1,   1,   1,   1,   2,   2,   2,   2,   2,   2,   3,   3,   3,   3,   3,   3,   3,   4,   4,   4
  7,  -7,  -6,  -5,  -4,  -3,  -2,  -1,   1,   2,   3,   4,   5,   6,  -7,  -5,  -3,  -1,   1,   3,  -7,  -5,  -4,  -2,  -1,   1,   2,  -3,  -1,   0

