  0,   1,   1,   1,   1,   1,   1,   1,   1,   1,   1,   1,   1,   1,   1,   1,   1,   1,   1,   1,   1,   1,   1,   1,   1,   1,   1,   1,   1,   1,   1,   1,   1,   1,   1,   1,   1,   1,   1,   1,   1,   1,   1,   1,   1,   1,   1,   1,   1,   1,   1,   1,   1,   1,   1,   1,   1,   1,   1,   1,   1,   1,   1,   1,   1,   1,   1,   1,   1,   1,   1,   1,   1,   1,   1,   1,   1,   1,   1,   1,   1,   1,   1,   1,   1,   1,   1,   1,   1,   1,   1,   1,   1,   1,   1,   1,   1,   1,   1,   2
  1,   0,   1,   2,   3,   4,   5,   6,   7,   8,   9,  10,  11,  12,  13,  14,  15,  16,  17,  18,  19,  20,  21,  22,  23,  24,  25,  26,  27,  28,  29,  30,  31,  32,  33,  34,  35,  36,  37,  38,  39,  40,  41,  42,  43,  44,  45,  46,  47,  48,  49,  50,  51,  52,  53,  54,  55,  56,  57,  58,  59,  60,  61,  62,  63,  64,  65,  66,  67,  68,  69,  70,  71,  72,  73,  74,  75,  76,  77,  78,  79,  80,  81,  82,  83,  84,  85,  86,  87,  88,  89,  90,  91,  92,  93,  94,  95,  96,  97,  97

  0,   1,   1,   1,   1,   1,   1,   1,   1,   1,   1,   1,   1,   1,   1,   1,   1,   1,   1,   1,   1,   1,   1,   1,   1,   1,   1,   1,   1,   1,   1,   1,   1,   1,   1,   1,   1,   1,   1,   1,   1,   1,   1,   1,   1,   1,   1,   1,   1,   1,   1,   1,   1,   1,   1,   1,   1,   1,   1,   1,   1,   1,   1,   1,   1,   1,   1,   1,   1,   1,   1,   1,   1,   1,   1,   1,   1,   1,   1,   1,   1,   1,   1,   1,   1,   1,   1,   1,   1,   1,   1,   1,   1,   1,   1,   1,   1,   1,   1,   2
  1,   0,   1,   2,   3,   4,   5,   6,   7,   8,   9,  10,  11,  12,  13,  14,  15,  16,  17,  18,  19,  20,  21,  22,  23,  24,  25,  26,  27,  28,  29,  30,  31,  32,  33,  34,  35,  36,  37,  38,  39,  40,  41,  42,  43,  44,  45,  46,  47,  48,  49,  50,  51,  52,  53,  54,  55,  56,  57,  58,  59,  60,  61,  62,  63,  64,  65,  66,  67,  68,  69,  70,  71,  72,  73,  74,  75,  76,  77,  78,  79,  80,  81,  82,  83,  84,  85,  86,  87,  88,  89,  90,  91,  92,  93,  94,  95,  96,  97,  97

  0,   1,   1,   1,   1,   1,   1,   1,   1,   1,   1,   1,   1,   1,   1,   1,   1,   1,   1,   1,   1,   1,   1,   1,   1,   1,   1,   1,   1,   1,   1,   1,   1,   1,   1,   1,   1,   1,   1,   1,   1,   1,   1,   1,   1,   1,   1,   1,   1,   1,   1,   1,   1,   1,   1,   1,   1,   1,   1,   1,   1,   1,   1,   1,   1,   1,   1,   1,   1,   1,   1,   1,   1,   1,   1,   1,   1,   1,   1,   1,   1,   1,   1,   1,   1,   1,   1,   1,   1,   1,   1,   1,   1,   1,   1,   1,   1,   1,   2,   2
  1,   0,   1,   2,   3,   4,   5,   6,   7,   8,   9,  10,  11,  12,  13,  14,  15,  16,  17,  18,  19,  20,  21,  22,  23,  24,  25,  26,  27,  28,  29,  30,  31,  32,  33,  34,  35,  36,  37,  38,  39,  40,  41,  42,  43,  44,  45,  46,  47,  48,  49,  50,  51,  52,  53,  54,  55,  56,  57,  58,  59,  60,  61,  62,  63,  64,  65,  66,  67,  68,  69,  70,  71,  72,  73,  74,  75,  76,  77,  78,  79,  80,  81,  82,  83,  84,  85,  86,  87,  88,  89,  90,  91,  92,  93,  94,  95,  96,  95,  97

  0,   1,   1,   1,   1,   1,   1,   1,   1,   1,   1,   1,   1,   1,   1,   1,   1,   1,   1,   1,   1,   1,   1,   1,   1,   1,   1,   1,   1,   1,   1,   1,   1,   1,   1,   1,   1,   1,   1,   1,   1,   1,   1,   1,   1,   1,   1,   1,   1,   1,   1,   1,   1,   1,   1,   1,   1,   1,   1,   1,   1,   1,   1,   1,   1,   1,   1,   1,   1,   1,   1,   1,   1,   1,   1,   1,   1,   1,   1,   1,   1,   1,   1,   1,   1,   1,   1,   1,   1,   1,   1,   1,   1,   1,   1,   1,   1,   2,   2,   2
  1,   0,   1,   2,   3,   4,   5,   6,   7,   8,   9,  10,  11,  12,  13,  14,  15,  16,  17,  18,  19,  20,  21,  22,  23,  24,  25,  26,  27,  28,  29,  30,  31,  32,  33,  34,  35,  36,  37,  38,  39,  40,  41,  42,  43,  44,  45,  46,  47,  48,  49,  50,  51,  52,  53,  54,  55,  56,  57,  58,  59,  60,  61,  62,  63,  64,  65,  66,  67,  68,  69,  70,  71,  72,  73,  74,  75,  76,  77,  78,  79,  80,  81,  82,  83,  84,  85,  86,  87,  88,  89,  90,  91,  92,  93,  94,  95,  93,  95,  97

  0,   1,   1,   1,   1,   1,   1,   1,   1,   1,   1,   1,   1,   1,   1,   1,   1,   1,   1,   1,   1,   1,   1,   1,   1,   1,   1,   1,   1,   1,   1,   1,   1,   1,   1,   1,   1,   1,   1,   1,   1,   1,   1,   1,   1,   1,   1,   1,   1,   1,   1,   1,   1,   1,   1,   1,   1,   1,   1,   1,   1,   1,   1,   1,   1,   1,   1,   1,   1,   1,   1,   1,   1,   1,   1,   1,   1,   1,   1,   1,   1,   1,   1,   1,   1,   1,   1,   1,   1,   1,   1,   1,   1,   1,   1,   1,   2,   2,   2,   2
  1,   0,   1,   2,   3,   4,   5,   6,   7,   8,   9,  10,  11,  12,  13,  14,  15,  16,  17,  18,  19,  20,  21,  22,  23,  24,  25,  26,  27,  28,  29,  30,  31,  32,  33,  34,  35,  36,  37,  38,  39,  40,  41,  42,  43,  44,  45,  46,  47,  48,  49,  50,  51,  52,  53,  54,  55,  56,  57,  58,  59,  60,  61,  62,  63,  64,  65,  66,  67,  68,  69,  70,  71,  72,  73,  74,  75,  76,  77,  78,  79,  80,  81,  82,  83,  84,  85,  86,  87,  88,  89,  90,  91,  92,  93,  94,  91,  93,  95,  97

  0,   1,   1,   1,   1,   1,   1,   1,   1,   1,   1,   1,   1,   1,   1,   1,   1,   1,   1,   1,   1,   1,   1,   1,   1,   1,   1,   1,   1,   1,   1,   1,   1,   1,   1,   1,   1,   1,   1,   1,   1,   1,   1,   1,   1,   1,   1,   1,   1,   1,   1,   1,   1,   1,   1,   1,   1,   1,   1,   1,   1,   1,   1,   1,   1,   1,   1,   1,   1,   1,   1,   1,   1,   1,   1,   1,   1,   1,   1,   1,   1,   1,   1,   1,   1,   1,   1,   1,   1,   1,   1,   1,   1,   1,   1,   2,   2,   2,   2,   2
  1,   0,   1,   2,   3,   4,   5,   6,   7,   8,   9,  10,  11,  12,  13,  14,  15,  16,  17,  18,  19,  20,  21,  22,  23,  24,  25,  26,  27,  28,  29,  30,  31,  32,  33,  34,  35,  36,  37,  38,  39,  40,  41,  42,  43,  44,  45,  46,  47,  48,  49,  50,  51,  52,  53,  54,  55,  56,  57,  58,  59,  60,  61,  62,  63,  64,  65,  66,  67,  68,  69,  70,  71,  72,  73,  74,  75,  76,  77,  78,  79,  80,  81,  82,  83,  84,  85,  86,  87,  88,  89,  90,  91,  92,  93,  89,  91,  93,  95,  97

  0,   1,   1,   1,   1,   1,   1,   1,   1,   1,   1,   1,   1,   1,   1,   1,   1,   1,   1,   1,   1,   1,   1,   1,   1,   1,   1,   1,   1,   1,   1,   1,   1,   1,   1,   1,   1,   1,   1,   1,   1,   1,   1,   1,   1,   1,   1,   1,   1,   1,   1,   1,   1,   1,   1,   1,   1,   1,   1,   1,   1,   1,   1,   1,   1,   1,   1,   1,   1,   1,   1,   1,   1,   1,   1,   1,   1,   1,   1,   1,   1,   1,   1,   1,   1,   1,   1,   1,   1,   1,   1,   1,   1,   1,   2,   2,   2,   2,   2,   2
  1,   0,   1,   2,   3,   4,   5,   6,   7,   8,   9,  10,  11,  12,  13,  14,  15,  16,  17,  18,  19,  20,  21,  22,  23,  24,  25,  26,  27,  28,  29,  30,  31,  32,  33,  34,  35,  36,  37,  38,  39,  40,  41,  42,  43,  44,  45,  46,  47,  48,  49,  50,  51,  52,  53,  54,  55,  56,  57,  58,  59,  60,  61,  62,  63,  64,  65,  66,  67,  68,  69,  70,  71,  72,  73,  74,  75,  76,  77,  78,  79,  80,  81,  82,  83,  84,  85,  86,  87,  88,  89,  90,  91,  92,  87,  89,  91,  93,  95,  97

  0,   1,   1,   1,   1,   1,   1,   1,   1,   1,   1,   1,   1,   1,   1,   1,   1,   1,   1,   1,   1,   1,   1,   1,   1,   1,   1,   1,   1,   1,   1,   1,   1,   1,   1,   1,   1,   1,   1,   1,   1,   1,   1,   1,   1,   1,   1,   1,   1,   1,   1,   1,   1,   1,   1,   1,   1,   1,   1,   1,   1,   1,   1,   1,   1,   1,   1,   1,   1,   1,   1,   1,   1,   1,   1,   1,   1,   1,   1,   1,   1,   1,   1,   1,   1,   1,   1,   1,   1,   1,   1,   1,   1,   2,   2,   2,   2,   2,   2,   2
  1,   0,   1,   2,   3,   4,   5,   6,   7,   8,   9,  10,  11,  12,  13,  14,  15,  16,  17,  18,  19,  20,  21,  22,  23,  24,  25,  26,  27,  28,  29,  30,  31,  32,  33,  34,  35,  36,  37,  38,  39,  40,  41,  42,  43,  44,  45,  46,  47,  48,  49,  50,  51,  52,  53,  54,  55,  56,  57,  58,  59,  60,  61,  62,  63,  64,  65,  66,  67,  68,  69,  70,  71,  72,  73,  74,  75,  76,  77,  78,  79,  80,  81,  82,  83,  84,  85,  86,  87,  88,  89,  90,  91,  85,  87,  89,  91,  93,  95,  97

  0,   1,   1,   1,   1,   1,   1,   1,   1,   1,   1,   1,   1,   1,   1,   1,   1,   1,   1,   1,   1,   1,   1,   1,   1,   1,   1,   1,   1,   1,   1,   1,   1,   1,   1,   1,   1,   1,   1,   1,   1,   1,   1,   1,   1,   1,   1,   1,   1,   1,   1,   1,   1,   1,   1,   1,   1,   1,   1,   1,   1,   1,   1,   1,   1,   1,   1,   1,   1,   1,   1,   1,   1,   1,   1,   1,   1,   1,   1,   1,   1,   1,   1,   1,   1,   1,   1,   1,   1,   1,   1,   1,   2,   2,   2,   2,   2,   2,   2,   2
  1,   0,   1,   2,   3,   4,   5,   6,   7,   8,   9,  10,  11,  12,  13,  14,  15,  16,  17,  18,  19,  20,  21,  22,  23,  24,  25,  26,  27,  28,  29,  30,  31,  32,  33,  34,  35,  36,  37,  38,  39,  40,  41,  42,  43,  44,  45,  46,  47,  48,  49,  50,  51,  52,  53,  54,  55,  56,  57,  58,  59,  60,  61,  62,  63,  64,  65,  66,  67,  68,  69,  70,  71,  72,  73,  74,  75,  76,  77,  78,  79,  80,  81,  82,  83,  84,  85,  86,  87,  88,  89,  90,  83,  85,  87,  89,  91,  93,  95,  97

  0,   1,   1,   1,   1,   1,   1,   1,   1,   1,   1,   1,   1,   1,   1,   1,   1,   1,   1,   1,   1,   1,   1,   1,   1,   1,   1,   1,   1,   1,   1,   1,   1,   1,   1,   1,   1,   1,   1,   1,   1,   1,   1,   1,   1,   1,   1,   1,   1,   1,   1,   1,   1,   1,   1,   1,   1,   1,   1,   1,   1,   1,   1,   1,   1,   1,   1,   1,   1,   1,   1,   1,   1,   1,   1,   1,   1,   1,   1,   1,   1,   1,   1,   1,   1,   1,   1,   1,   1,   1,   1,   2,   2,   2,   2,   2,   2,   2,   2,   2
  1,   0,   1,   2,   3,   4,   5,   6,   7,   8,   9,  10,  11,  12,  13,  14,  15,  16,  17,  18,  19,  20,  21,  22,  23,  24,  25,  26,  27,  28,  29,  30,  31,  32,  33,  34,  35,  36,  37,  38,  39,  40,  41,  42,  43,  44,  45,  46,  47,  48,  49,  50,  51,  52,  53,  54,  55,  56,  57,  58,  59,  60,  61,  62,  63,  64,  65,  66,  67,  68,  69,  70,  71,  72,  73,  74,  75,  76,  77,  78,  79,  80,  81,  82,  83,  84,  85,  86,  87,  88,  89,  81,  83,  85,  87,  89,  91,  93,  95,  97

  0,   1,   1,   1,   1,   1,   1,   1,   1,   1,   1,   1,   1,   1,   1,   1,   1,   1,   1,   1,   1,   1,   1,   1,   1,   1,   1,   1,   1,   1,   1,   1,   1,   1,   1,   1,   1,   1,   1,   1,   1,   1,   1,   1,   1,   1,   1,   1,   1,   1,   1,   1,   1,   1,   1,   1,   1,   1,   1,   1,   1,   1,   1,   1,   1,   1,   1,   1,   1,   1,   1,   1,   1,   1,   1,   1,   1,   1,   1,   1,   1,   1,   1,   1,   1,   1,   1,   1,   1,   1,   2,   2,   2,   2,   2,   2,   2,   2,   2,   2
  1,   0,   1,   2,   3,   4,   5,   6,   7,   8,   9,  10,  11,  12,  13,  14,  15,  16,  17,  18,  19,  20,  21,  22,  23,  24,  25,  26,  27,  28,  29,  30,  31,  32,  33,  34,  35,  36,  37,  38,  39,  40,  41,  42,  43,  44,  45,  46,  47,  48,  49,  50,  51,  52,  53,  54,  55,  56,  57,  58,  59,  60,  61,  62,  63,  64,  65,  66,  67,  68,  69,  70,  71,  72,  73,  74,  75,  76,  77,  78,  79,  80,  81,  82,  83,  84,  85,  86,  87,  88,  79,  81,  83,  85,  87,  89,  91,  93,  95,  97

  0,   1,   1,   1,   1,   1,   1,   1,   1,   1,   1,   1,   1,   1,   1,   1,   1,   1,   1,   1,   1,   1,   1,   1,   1,   1,   1,   1,   1,   1,   1,   1,   1,   1,   1,   1,   1,   1,   1,   1,   1,   1,   1,   1,   1,   1,   1,   1,   1,   1,   1,   1,   1,   1,   1,   1,   1,   1,   1,   1,   1,   1,   1,   1,   1,   1,   1,   1,   1,   1,   1,   1,   1,   1,   1,   1,   1,   1,   1,   1,   1,   1,   1,   1,   1,   1,   1,   1,   1,   2,   2,   2,   2,   2,   2,   2,   2,   2,   2,   2
  1,   0,   1,   2,   3,   4,   5,   6,   7,   8,   9,  10,  11,  12,  13,  14,  15,  16,  17,  18,  19,  20,  21,  22,  23,  24,  25,  26,  27,  28,  29,  30,  31,  32,  33,  34,  35,  36,  37,  38,  39,  40,  41,  42,  43,  44,  45,  46,  47,  48,  49,  50,  51,  52,  53,  54,  55,  56,  57,  58,  59,  60,  61,  62,  63,  64,  65,  66,  67,  68,  69,  70,  71,  72,  73,  74,  75,  76,  77,  78,  79,  80,  81,  82,  83,  84,  85,  86,  87,  77,  79,  81,  83,  85,  87,  89,  91,  93,  95,  97

  0,   1,   1,   1,   1,   1,   1,   1,   1,   1,   1,   1,   1,   1,   1,   1,   1,   1,   1,   1,   1,   1,   1,   1,   1,   1,   1,   1,   1,   1,   1,   1,   1,   1,   1,   1,   1,   1,   1,   1,   1,   1,   1,   1,   1,   1,   1,   1,   1,   1,   1,   1,   1,   1,   1,   1,   1,   1,   1,   1,   1,   1,   1,   1,   1,   1,   1,   1,   1,   1,   1,   1,   1,   1,   1,   1,   1,   1,   1,   1,   1,   1,   1,   1,   1,   1,   1,   1,   2,   2,   2,   2,   2,   2,   2,   2,   2,   2,   2,   2
  1,   0,   1,   2,   3,   4,   5,   6,   7,   8,   9,  10,  11,  12,  13,  14,  15,  16,  17,  18,  19,  20,  21,  22,  23,  24,  25,  26,  27,  28,  29,  30,  31,  32,  33,  34,  35,  36,  37,  38,  39,  40,  41,  42,  43,  44,  45,  46,  47,  48,  49,  50,  51,  52,  53,  54,  55,  56,  57,  58,  59,  60,  61,  62,  63,  64,  65,  66,  67,  68,  69,  70,  71,  72,  73,  74,  75,  76,  77,  78,  79,  80,  81,  82,  83,  84,  85,  86,  75,  77,  79,  81,  83,  85,  87,  89,  91,  93,  95,  97

  0,   1,   1,   1,   1,   1,   1,   1,   1,   1,   1,   1,   1,   1,   1,   1,   1,   1,   1,   1,   1,   1,   1,   1,   1,   1,   1,   1,   1,   1,   1,   1,   1,   1,   1,   1,   1,   1,   1,   1,   1,   1,   1,   1,   1,   1,   1,   1,   1,   1,   1,   1,   1,   1,   1,   1,   1,   1,   1,   1,   1,   1,   1,   1,   1,   1,   1,   1,   1,   1,   1,   1,   1,   1,   1,   1,   1,   1,   1,   1,   1,   1,   1,   1,   1,   1,   1,   2,   2,   2,   2,   2,   2,   2,   2,   2,   2,   2,   2,   2
  1,   0,   1,   2,   3,   4,   5,   6,   7,   8,   9,  10,  11,  12,  13,  14,  15,  16,  17,  18,  19,  20,  21,  22,  23,  24,  25,  26,  27,  28,  29,  30,  31,  32,  33,  34,  35,  36,  37,  38,  39,  40,  41,  42,  43,  44,  45,  46,  47,  48,  49,  50,  51,  52,  53,  54,  55,  56,  57,  58,  59,  60,  61,  62,  63,  64,  65,  66,  67,  68,  69,  70,  71,  72,  73,  74,  75,  76,  77,  78,  79,  80,  81,  82,  83,  84,  85,  73,  75,  77,  79,  81,  83,  85,  87,  89,  91,  93,  95,  97

  0,   1,   1,   1,   1,   1,   1,   1,   1,   1,   1,   1,   1,   1,   1,   1,   1,   1,   1,   1,   1,   1,   1,   1,   1,   1,   1,   1,   1,   1,   1,   1,   1,   1,   1,   1,   1,   1,   1,   1,   1,   1,   1,   1,   1,   1,   1,   1,   1,   1,   1,   1,   1,   1,   1,   1,   1,   1,   1,   1,   1,   1,   1,   1,   1,   1,   1,   1,   1,   1,   1,   1,   1,   1,   1,   1,   1,   1,   1,   1,   1,   1,   1,   1,   1,   1,   2,   2,   2,   2,   2,   2,   2,   2,   2,   2,   2,   2,   2,   2
  1,   0,   1,   2,   3,   4,   5,   6,   7,   8,   9,  10,  11,  12,  13,  14,  15,  16,  17,  18,  19,  20,  21,  22,  23,  24,  25,  26,  27,  28,  29,  30,  31,  32,  33,  34,  35,  36,  37,  38,  39,  40,  41,  42,  43,  44,  45,  46,  47,  48,  49,  50,  51,  52,  53,  54,  55,  56,  57,  58,  59,  60,  61,  62,  63,  64,  65,  66,  67,  68,  69,  70,  71,  72,  73,  74,  75,  76,  77,  78,  79,  80,  81,  82,  83,  84,  71,  73,  75,  77,  79,  81,  83,  85,  87,  89,  91,  93,  95,  97

  0,   1,   1,   1,   1,   1,   1,   1,   1,   1,   1,   1,   1,   1,   1,   1,   1,   1,   1,   1,   1,   1,   1,   1,   1,   1,   1,   1,   1,   1,   1,   1,   1,   1,   1,   1,   1,   1,   1,   1,   1,   1,   1,   1,   1,   1,   1,   1,   1,   1,   1,   1,   1,   1,   1,   1,   1,   1,   1,   1,   1,   1,   1,   1,   1,   1,   1,   1,   1,   1,   1,   1,   1,   1,   1,   1,   1,   1,   1,   1,   1,   1,   1,   1,   1,   2,   2,   2,   2,   2,   2,   2,   2,   2,   2,   2,   2,   2,   2,   2
  1,   0,   1,   2,   3,   4,   5,   6,   7,   8,   9,  10,  11,  12,  13,  14,  15,  16,  17,  18,  19,  20,  21,  22,  23,  24,  25,  26,  27,  28,  29,  30,  31,  32,  33,  34,  35,  36,  37,  38,  39,  40,  41,  42,  43,  44,  45,  46,  47,  48,  49,  50,  51,  52,  53,  54,  55,  56,  57,  58,  59,  60,  61,  62,  63,  64,  65,  66,  67,  68,  69,  70,  71,  72,  73,  74,  75,  76,  77,  78,  79,  80,  81,  82,  83,  69,  71,  73,  75,  77,  79,  81,  83,  85,  87,  89,  91,  93,  95,  97

  0,   1,   1,   1,   1,   1,   1,   1,   1,   1,   1,   1,   1,   1,   1,   1,   1,   1,   1,   1,   1,   1,   1,   1,   1,   1,   1,   1,   1,   1,   1,   1,   1,   1,   1,   1,   1,   1,   1,   1,   1,   1,   1,   1,   1,   1,   1,   1,   1,   1,   1,   1,   1,   1,   1,   1,   1,   1,   1,   1,   1,   1,   1,   1,   1,   1,   1,   1,   1,   1,   1,   1,   1,   1,   1,   1,   1,   1,   1,   1,   1,   1,   1,   1,   2,   2,   2,   2,   2,   2,   2,   2,   2,   2,   2,   2,   2,   2,   2,   2
  1,   0,   1,   2,   3,   4,   5,   6,   7,   8,   9,  10,  11,  12,  13,  14,  15,  16,  17,  18,  19,  20,  21,  22,  23,  24,  25,  26,  27,  28,  29,  30,  31,  32,  33,  34,  35,  36,  37,  38,  39,  40,  41,  42,  43,  44,  45,  46,  47,  48,  49,  50,  51,  52,  53,  54,  55,  56,  57,  58,  59,  60,  61,  62,  63,  64,  65,  66,  67,  68,  69,  70,  71,  72,  73,  74,  75,  76,  77,  78,  79,  80,  81,  82,  67,  69,  71,  73,  75,  77,  79,  81,  83,  85,  87,  89,  91,  93,  95,  97

  0,   1,   1,   1,   1,   1,   1,   1,   1,   1,   1,   1,   1,   1,   1,   1,   1,   1,   1,   1,   1,   1,   1,   1,   1,   1,   1,   1,   1,   1,   1,   1,   1,   1,   1,   1,   1,   1,   1,   1,   1,   1,   1,   1,   1,   1,   1,   1,   1,   1,   1,   1,   1,   1,   1,   1,   1,   1,   1,   1,   1,   1,   1,   1,   1,   1,   1,   1,   1,   1,   1,   1,   1,   1,   1,   1,   1,   1,   1,   1,   1,   1,   1,   2,   2,   2,   2,   2,   2,   2,   2,   2,   2,   2,   2,   2,   2,   2,   2,   2
  1,   0,   1,   2,   3,   4,   5,   6,   7,   8,   9,  10,  11,  12,  13,  14,  15,  16,  17,  18,  19,  20,  21,  22,  23,  24,  25,  26,  27,  28,  29,  30,  31,  32,  33,  34,  35,  36,  37,  38,  39,  40,  41,  42,  43,  44,  45,  46,  47,  48,  49,  50,  51,  52,  53,  54,  55,  56,  57,  58,  59,  60,  61,  62,  63,  64,  65,  66,  67,  68,  69,  70,  71,  72,  73,  74,  75,  76,  77,  78,  79,  80,  81,  65,  67,  69,  71,  73,  75,  77,  79,  81,  83,  85,  87,  89,  91,  93,  95,  97

  0,   1,   1,   1,   1,   1,   1,   1,   1,   1,   1,   1,   1,   1,   1,   1,   1,   1,   1,   1,   1,   1,   1,   1,   1,   1,   1,   1,   1,   1,   1,   1,   1,   1,   1,   1,   1,   1,   1,   1,   1,   1,   1,   1,   1,   1,   1,   1,   1,   1,   1,   1,   1,   1,   1,   1,   1,   1,   1,   1,   1,   1,   1,   1,   1,   1,   1,   1,   1,   1,   1,   1,   1,   1,   1,   1,   1,   1,   1,   1,   1,   1,   2,   2,   2,   2,   2,   2,   2,   2,   2,   2,   2,   2,   2,   2,   2,   2,   2,   2
  1,   0,   1,   2,   3,   4,   5,   6,   7,   8,   9,  10,  11,  12,  13,  14,  15,  16,  17,  18,  19,  20,  21,  22,  23,  24,  25,  26,  27,  28,  29,  30,  31,  32,  33,  34,  35,  36,  37,  38,  39,  40,  41,  42,  43,  44,  45,  46,  47,  48,  49,  50,  51,  52,  53,  54,  55,  56,  57,  58,  59,  60,  61,  62,  63,  64,  65,  66,  67,  68,  69,  70,  71,  72,  73,  74,  75,  76,  77,  78,  79,  80,  63,  65,  67,  69,  71,  73,  75,  77,  79,  81,  83,  85,  87,  89,  91,  93,  95,  97

  0,   1,   1,   1,   1,   1,   1,   1,   1,   1,   1,   1,   1,   1,   1,   1,   1,   1,   1,   1,   1,   1,   1,   1,   1,   1,   1,   1,   1,   1,   1,   1,   1,   1,   1,   1,   1,   1,   1,   1,   1,   1,   1,   1,   1,   1,   1,   1,   1,   1,   1,   1,   1,   1,   1,   1,   1,   1,   1,   1,   1,   1,   1,   1,   1,   1,   1,   1,   1,   1,   1,   1,   1,   1,   1,   1,   1,   1,   1,   1,   1,   2,   2,   2,   2,   2,   2,   2,   2,   2,   2,   2,   2,   2,   2,   2,   2,   2,   2,   2
  1,   0,   1,   2,   3,   4,   5,   6,   7,   8,   9,  10,  11,  12,  13,  14,  15,  16,  17,  18,  19,  20,  21,  22,  23,  24,  25,  26,  27,  28,  29,  30,  31,  32,  33,  34,  35,  36,  37,  38,  39,  40,  41,  42,  43,  44,  45,  46,  47,  48,  49,  50,  51,  52,  53,  54,  55,  56,  57,  58,  59,  60,  61,  62,  63,  64,  65,  66,  67,  68,  69,  70,  71,  72,  73,  74,  75,  76,  77,  78,  79,  61,  63,  65,  67,  69,  71,  73,  75,  77,  79,  81,  83,  85,  87,  89,  91,  93,  95,  97

  0,   1,   1,   1,   1,   1,   1,   1,   1,   1,   1,   1,   1,   1,   1,   1,   1,   1,   1,   1,   1,   1,   1,   1,   1,   1,   1,   1,   1,   1,   1,   1,   1,   1,   1,   1,   1,   1,   1,   1,   1,   1,   1,   1,   1,   1,   1,   1,   1,   1,   1,   1,   1,   1,   1,   1,   1,   1,   1,   1,   1,   1,   1,   1,   1,   1,   1,   1,   1,   1,   1,   1,   1,   1,   1,   1,   1,   1,   1,   1,   2,   2,   2,   2,   2,   2,   2,   2,   2,   2,   2,   2,   2,   2,   2,   2,   2,   2,   2,   2
  1,   0,   1,   2,   3,   4,   5,   6,   7,   8,   9,  10,  11,  12,  13,  14,  15,  16,  17,  18,  19,  20,  21,  22,  23,  24,  25,  26,  27,  28,  29,  30,  31,  32,  33,  34,  35,  36,  37,  38,  39,  40,  41,  42,  43,  44,  45,  46,  47,  48,  49,  50,  51,  52,  53,  54,  55,  56,  57,  58,  59,  60,  61,  62,  63,  64,  65,  66,  67,  68,  69,  70,  71,  72,  73,  74,  75,  76,  77,  78,  59,  61,  63,  65,  67,  69,  71,  73,  75,  77,  79,  81,  83,  85,  87,  89,  91,  93,  95,  97

  0,   1,   1,   1,   1,   1,   1,   1,   1,   1,   1,   1,   1,   1,   1,   1,   1,   1,   1,   1,   1,   1,   1,   1,   1,   1,   1,   1,   1,   1,   1,   1,   1,   1,   1,   1,   1,   1,   1,   1,   1,   1,   1,   1,   1,   1,   1,   1,   1,   1,   1,   1,   1,   1,   1,   1,   1,   1,   1,   1,   1,   1,   1,   1,   1,   1,   1,   1,   1,   1,   1,   1,   1,   1,   1,   1,   1,   1,   1,   2,   2,   2,   2,   2,   2,   2,   2,   2,   2,   2,   2,   2,   2,   2,   2,   2,   2,   2,   2,   2
  1,   0,   1,   2,   3,   4,   5,   6,   7,   8,   9,  10,  11,  12,  13,  14,  15,  16,  17,  18,  19,  20,  21,  22,  23,  24,  25,  26,  27,  28,  29,  30,  31,  32,  33,  34,  35,  36,  37,  38,  39,  40,  41,  42,  43,  44,  45,  46,  47,  48,  49,  50,  51,  52,  53,  54,  55,  56,  57,  58,  59,  60,  61,  62,  63,  64,  65,  66,  67,  68,  69,  70,  71,  72,  73,  74,  75,  76,  77,  57,  59,  61,  63,  65,  67,  69,  71,  73,  75,  77,  79,  81,  83,  85,  87,  89,  91,  93,  95,  97

  0,   1,   1,   1,   1,   1,   1,   1,   1,   1,   1,   1,   1,   1,   1,   1,   1,   1,   1,   1,   1,   1,   1,   1,   1,   1,   1,   1,   1,   1,   1,   1,   1,   1,   1,   1,   1,   1,   1,   1,   1,   1,   1,   1,   1,   1,   1,   1,   1,   1,   1,   1,   1,   1,   1,   1,   1,   1,   1,   1,   1,   1,   1,   1,   1,   1,   1,   1,   1,   1,   1,   1,   1,   1,   1,   1,   1,   1,   2,   2,   2,   2,   2,   2,   2,   2,   2,   2,   2,   2,   2,   2,   2,   2,   2,   2,   2,   2,   2,   2
  1,   0,   1,   2,   3,   4,   5,   6,   7,   8,   9,  10,  11,  12,  13,  14,  15,  16,  17,  18,  19,  20,  21,  22,  23,  24,  25,  26,  27,  28,  29,  30,  31,  32,  33,  34,  35,  36,  37,  38,  39,  40,  41,  42,  43,  44,  45,  46,  47,  48,  49,  50,  51,  52,  53,  54,  55,  56,  57,  58,  59,  60,  61,  62,  63,  64,  65,  66,  67,  68,  69,  70,  71,  72,  73,  74,  75,  76,  55,  57,  59,  61,  63,  65,  67,  69,  71,  73,  75,  77,  79,  81,  83,  85,  87,  89,  91,  93,  95,  97

  0,   1,   1,   1,   1,   1,   1,   1,   1,   1,   1,   1,   1,   1,   1,   1,   1,   1,   1,   1,   1,   1,   1,   1,   1,   1,   1,   1,   1,   1,   1,   1,   1,   1,   1,   1,   1,   1,   1,   1,   1,   1,   1,   1,   1,   1,   1,   1,   1,   1,   1,   1,   1,   1,   1,   1,   1,   1,   1,   1,   1,   1,   1,   1,   1,   1,   1,   1,   1,   1,   1,   1,   1,   1,   1,   1,   1,   2,   2,   2,   2,   2,   2,   2,   2,   2,   2,   2,   2,   2,   2,   2,   2,   2,   2,   2,   2,   2,   2,   2
  1,   0,   1,   2,   3,   4,   5,   6,   7,   8,   9,  10,  11,  12,  13,  14,  15,  16,  17,  18,  19,  20,  21,  22,  23,  24,  25,  26,  27,  28,  29,  30,  31,  32,  33,  34,  35,  36,  37,  38,  39,  40,  41,  42,  43,  44,  45,  46,  47,  48,  49,  50,  51,  52,  53,  54,  55,  56,  57,  58,  59,  60,  61,  62,  63,  64,  65,  66,  67,  68,  69,  70,  71,  72,  73,  74,  75,  53,  55,  57,  59,  61,  63,  65,  67,  69,  71,  73,  75,  77,  79,  81,  83,  85,  87,  89,  91,  93,  95,  97

  0,   1,   1,   1,   1,   1,   1,   1,   1,   1,   1,   1,   1,   1,   1,   1,   1,   1,   1,   1,   1,   1,   1,   1,   1,   1,   1,   1,   1,   1,   1,   1,   1,   1,   1,   1,   1,   1,   1,   1,   1,   1,   1,   1,   1,   1,   1,   1,   1,   1,   1,   1,   1,   1,   1,   1,   1,   1,   1,   1,   1,   1,   1,   1,   1,   1,   1,   1,   1,   1,   1,   1,   1,   1,   1,   1,   2,   2,   2,   2,   2,   2,   2,   2,   2,   2,   2,   2,   2,   2,   2,   2,   2,   2,   2,   2,   2,   2,   2,   2
  1,   0,   1,   2,   3,   4,   5,   6,   7,   8,   9,  10,  11,  12,  13,  14,  15,  16,  17,  18,  19,  20,  21,  22,  23,  24,  25,  26,  27,  28,  29,  30,  31,  32,  33,  34,  35,  36,  37,  38,  39,  40,  41,  42,  43,  44,  45,  46,  47,  48,  49,  50,  51,  52,  53,  54,  55,  56,  57,  58,  59,  60,  61,  62,  63,  64,  65,  66,  67,  68,  69,  70,  71,  72,  73,  74,  51,  53,  55,  57,  59,  61,  63,  65,  67,  69,  71,  73,  75,  77,  79,  81,  83,  85,  87,  89,  91,  93,  95,  97

  0,   1,   1,   1,   1,   1,   1,   1,   1,   1,   1,   1,   1,   1,   1,   1,   1,   1,   1,   1,   1,   1,   1,   1,   1,   1,   1,   1,   1,   1,   1,   1,   1,   1,   1,   1,   1,   1,   1,   1,   1,   1,   1,   1,   1,   1,   1,   1,   1,   1,   1,   1,   1,   1,   1,   1,   1,   1,   1,   1,   1,   1,   1,   1,   1,   1,   1,   1,   1,   1,   1,   1,   1,   1,   1,   2,   2,   2,   2,   2,   2,   2,   2,   2,   2,   2,   2,   2,   2,   2,   2,   2,   2,   2,   2,   2,   2,   2,   2,   2
  1,   0,   1,   2,   3,   4,   5,   6,   7,   8,   9,  10,  11,  12,  13,  14,  15,  16,  17,  18,  19,  20,  21,  22,  23,  24,  25,  26,  27,  28,  29,  30,  31,  32,  33,  34,  35,  36,  37,  38,  39,  40,  41,  42,  43,  44,  45,  46,  47,  48,  49,  50,  51,  52,  53,  54,  55,  56,  57,  58,  59,  60,  61,  62,  63,  64,  65,  66,  67,  68,  69,  70,  71,  72,  73,  49,  51,  53,  55,  57,  59,  61,  63,  65,  67,  69,  71,  73,  75,  77,  79,  81,  83,  85,  87,  89,  91,  93,  95,  97

  0,   1,   1,   1,   1,   1,   1,   1,   1,   1,   1,   1,   1,   1,   1,   1,   1,   1,   1,   1,   1,   1,   1,   1,   1,   1,   1,   1,   1,   1,   1,   1,   1,   1,   1,   1,   1,   1,   1,   1,   1,   1,   1,   1,   1,   1,   1,   1,   1,   1,   1,   1,   1,   1,   1,   1,   1,   1,   1,   2,   2,   2,   2,   2,   2,   2,   2,   2,   2,   2,   2,   2,   2,   2,   2,   2,   2,   2,   2,   2,   2,   2,   2,   2,   3,   3,   3,   3,   3,   3,   3,   3,   3,   3,   3,   3,   3,   3,   3,   3
  1,   0,   1,   2,   3,   4,   5,   6,   7,   8,   9,  10,  11,  12,  13,  14,  15,  16,  17,  18,  19,  20,  21,  22,  23,  24,  25,  26,  27,  28,  29,  30,  31,  32,  33,  34,  35,  36,  37,  38,  39,  40,  41,  42,  43,  44,  45,  46,  47,  48,  49,  50,  51,  52,  53,  54,  55,  56,  57,  33,  35,  37,  39,  41,  43,  45,  47,  49,  51,  53,  55,  57,  59,  61,  63,  65,  67,  69,  71,  73,  75,  77,  79,  81,  74,  76,  77,  79,  80,  82,  83,  85,  86,  88,  89,  91,  92,  94,  95,  97

  0,   1,   1,   1,   1,   1,   1,   1,   1,   1,   1,   1,   1,   1,   1,   1,   1,   1,   1,   1,   1,   1,   1,   1,   1,   1,   1,   1,   1,   1,   1,   1,   1,   1,   1,   1,   1,   1,   1,   1,   1,   1,   1,   1,   1,   1,   1,   1,   1,   1,   1,   1,   1,   1,   1,   1,   1,   1,   2,   2,   2,   2,   2,   2,   2,   2,   2,   2,   2,   2,   2,   2,   2,   2,   2,   2,   2,   2,   2,   2,   2,   2,   2,   3,   3,   3,   3,   3,   3,   3,   3,   3,   3,   3,   3,   3,   3,   3,   3,   3
  1,   0,   1,   2,   3,   4,   5,   6,   7,   8,   9,  10,  11,  12,  13,  14,  15,  16,  17,  18,  19,  20,  21,  22,  23,  24,  25,  26,  27,  28,  29,  30,  31,  32,  33,  34,  35,  36,  37,  38,  39,  40,  41,  42,  43,  44,  45,  46,  47,  48,  49,  50,  51,  52,  53,  54,  55,  56,  33,  35,  37,  39,  41,  43,  45,  47,  49,  51,  53,  55,  57,  59,  61,  63,  65,  67,  69,  71,  73,  75,  77,  79,  81,  73,  74,  76,  77,  79,  80,  82,  83,  85,  86,  88,  89,  91,  92,  94,  95,  97

  0,   1,   1,   1,   1,   1,   1,   1,   1,   1,   1,   1,   1,   1,   1,   1,   1,   1,   1,   1,   1,   1,   1,   1,   1,   1,   1,   1,   1,   1,   1,   1,   1,   1,   1,   1,   1,   1,   1,   1,   1,   1,   1,   1,   1,   1,   1,   1,   1,   1,   1,   1,   1,   1,   1,   1,   1,   1,   2,   2,   2,   2,   2,   2,   2,   2,   2,   2,   2,   2,   2,   2,   2,   2,   2,   2,   2,   2,   2,   2,   2,   2,   3,   3,   3,   3,   3,   3,   3,   3,   3,   3,   3,   3,   3,   3,   3,   3,   3,   3
  1,   0,   1,   2,   3,   4,   5,   6,   7,   8,   9,  10,  11,  12,  13,  14,  15,  16,  17,  18,  19,  20,  21,  22,  23,  24,  25,  26,  27,  28,  29,  30,  31,  32,  33,  34,  35,  36,  37,  38,  39,  40,  41,  42,  43,  44,  45,  46,  47,  48,  49,  50,  51,  52,  53,  54,  55,  56,  33,  35,  37,  39,  41,  43,  45,  47,  49,  51,  53,  55,  57,  59,  61,  63,  65,  67,  69,  71,  73,  75,  77,  79,  71,  73,  74,  76,  77,  79,  80,  82,  83,  85,  86,  88,  89,  91,  92,  94,  95,  97

  0,   1,   1,   1,   1,   1,   1,   1,   1,   1,   1,   1,   1,   1,   1,   1,   1,   1,   1,   1,   1,   1,   1,   1,   1,   1,   1,   1,   1,   1,   1,   1,   1,   1,   1,   1,   1,   1,   1,   1,   1,   1,   1,   1,   1,   1,   1,   1,   1,   1,   1,   1,   1,   1,   1,   1,   1,   2,   2,   2,   2,   2,   2,   2,   2,   2,   2,   2,   2,   2,   2,   2,   2,   2,   2,   2,   2,   2,   2,   2,   2,   3,   3,   3,   3,   3,   3,   3,   3,   3,   3,   3,   3,   3,   3,   3,   3,   3,   3,   3
  1,   0,   1,   2,   3,   4,   5,   6,   7,   8,   9,  10,  11,  12,  13,  14,  15,  16,  17,  18,  19,  20,  21,  22,  23,  24,  25,  26,  27,  28,  29,  30,  31,  32,  33,  34,  35,  36,  37,  38,  39,  40,  41,  42,  43,  44,  45,  46,  47,  48,  49,  50,  51,  52,  53,  54,  55,  33,  35,  37,  39,  41,  43,  45,  47,  49,  51,  53,  55,  57,  59,  61,  63,  65,  67,  69,  71,  73,  75,  77,  79,  70,  71,  73,  74,  76,  77,  79,  80,  82,  83,  85,  86,  88,  89,  91,  92,  94,  95,  97

  0,   1,   1,   1,   1,   1,   1,   1,   1,   1,   1,   1,   1,   1,   1,   1,   1,   1,   1,   1,   1,   1,   1,   1,   1,   1,   1,   1,   1,   1,   1,   1,   1,   1,   1,   1,   1,   1,   1,   1,   1,   1,   1,   1,   1,   1,   1,   1,   1,   1,   1,   1,   1,   1,   1,   1,   1,   2,   2,   2,   2,   2,   2,   2,   2,   2,   2,   2,   2,   2,   2,   2,   2,   2,   2,   2,   2,   2,   2,   2,   3,   3,   3,   3,   3,   3,   3,   3,   3,   3,   3,   3,   3,   3,   3,   3,   3,   3,   3,   3
  1,   0,   1,   2,   3,   4,   5,   6,   7,   8,   9,  10,  11,  12,  13,  14,  15,  16,  17,  18,  19,  20,  21,  22,  23,  24,  25,  26,  27,  28,  29,  30,  31,  32,  33,  34,  35,  36,  37,  38,  39,  40,  41,  42,  43,  44,  45,  46,  47,  48,  49,  50,  51,  52,  53,  54,  55,  33,  35,  37,  39,  41,  43,  45,  47,  49,  51,  53,  55,  57,  59,  61,  63,  65,  67,  69,  71,  73,  75,  77,  68,  70,  71,  73,  74,  76,  77,  79,  80,  82,  83,  85,  86,  88,  89,  91,  92,  94,  95,  97

  0,   1,   1,   1,   1,   1,   1,   1,   1,   1,   1,   1,   1,   1,   1,   1,   1,   1,   1,   1,   1,   1,   1,   1,   1,   1,   1,   1,   1,   1,   1,   1,   1,   1,   1,   1,   1,   1,   1,   1,   1,   1,   1,   1,   1,   1,   1,   1,   1,   1,   1,   1,   1,   1,   1,   1,   2,   2,   2,   2,   2,   2,   2,   2,   2,   2,   2,   2,   2,   2,   2,   2,   2,   2,   2,   2,   2,   2,   2,   3,   3,   3,   3,   3,   3,   3,   3,   3,   3,   3,   3,   3,   3,   3,   3,   3,   3,   3,   3,   3
  1,   0,   1,   2,   3,   4,   5,   6,   7,   8,   9,  10,  11,  12,  13,  14,  15,  16,  17,  18,  19,  20,  21,  22,  23,  24,  25,  26,  27,  28,  29,  30,  31,  32,  33,  34,  35,  36,  37,  38,  39,  40,  41,  42,  43,  44,  45,  46,  47,  48,  49,  50,  51,  52,  53,  54,  33,  35,  37,  39,  41,  43,  45,  47,  49,  51,  53,  55,  57,  59,  61,  63,  65,  67,  69,  71,  73,  75,  77,  67,  68,  70,  71,  73,  74,  76,  77,  79,  80,  82,  83,  85,  86,  88,  89,  91,  92,  94,  95,  97

  0,   1,   1,   1,   1,   1,   1,   1,   1,   1,   1,   1,   1,   1,   1,   1,   1,   1,   1,   1,   1,   1,   1,   1,   1,   1,   1,   1,   1,   1,   1,   1,   1,   1,   1,   1,   1,   1,   1,   1,   1,   1,   1,   1,   1,   1,   1,   1,   1,   1,   1,   1,   1,   1,   1,   1,   2,   2,   2,   2,   2,   2,   2,   2,   2,   2,   2,   2,   2,   2,   2,   2,   2,   2,   2,   2,   2,   2,   3,   3,   3,   3,   3,   3,   3,   3,   3,   3,   3,   3,   3,   3,   3,   3,   3,   3,   3,   3,   3,   3
  1,   0,   1,   2,   3,   4,   5,   6,   7,   8,   9,  10,  11,  12,  13,  14,  15,  16,  17,  18,  19,  20,  21,  22,  23,  24,  25,  26,  27,  28,  29,  30,  31,  32,  33,  34,  35,  36,  37,  38,  39,  40,  41,  42,  43,  44,  45,  46,  47,  48,  49,  50,  51,  52,  53,  54,  33,  35,  37,  39,  41,  43,  45,  47,  49,  51,  53,  55,  57,  59,  61,  63,  65,  67,  69,  71,  73,  75,  65,  67,  68,  70,  71,  73,  74,  76,  77,  79,  80,  82,  83,  85,  86,  88,  89,  91,  92,  94,  95,  97

  0,   1,   1,   1,   1,   1,   1,   1,   1,   1,   1,   1,   1,   1,   1,   1,   1,   1,   1,   1,   1,   1,   1,   1,   1,   1,   1,   1,   1,   1,   1,   1,   1,   1,   1,   1,   1,   2,   2,   2,   2,   2,   2,   2,   2,   2,   2,   2,   2,   2,   2,   2,   2,   3,   3,   3,   3,   3,   3,   3,   3,   3,   3,   3,   3,   3,   3,   3,   3,   3,   3,   3,   3,   4,   4,   4,   4,   4,   4,   4,   4,   4,   4,   4,   4,   4,   5,   5,   5,   5,   5,   5,   5,   5,   5,   5,   5,   5,   5,   5
  1,   0,   1,   2,   3,   4,   5,   6,   7,   8,   9,  10,  11,  12,  13,  14,  15,  16,  17,  18,  19,  20,  21,  22,  23,  24,  25,  26,  27,  28,  29,  30,  31,  32,  33,  34,  35,  21,  23,  25,  27,  29,  31,  33,  35,  37,  39,  41,  43,  45,  47,  49,  51,  40,  41,  43,  44,  46,  47,  49,  50,  52,  53,  55,  56,  58,  59,  61,  62,  64,  65,  67,  68,  59,  61,  63,  65,  67,  69,  71,  73,  75,  77,  79,  81,  83,  81,  82,  83,  84,  86,  87,  88,  89,  91,  92,  93,  94,  96,  97

  0,   1,   1,   1,   1,   1,   1,   1,   1,   1,   1,   1,   1,   1,   1,   1,   1,   1,   1,   1,   1,   1,   1,   1,   1,   1,   1,   1,   1,   1,   1,   1,   1,   1,   2,   2,   2,   2,   2,   2,   2,   2,   2,   2,   2,   2,   2,   2,   2,   2,   3,   3,   3,   3,   3,   3,   3,   3,   3,   3,   3,   3,   3,   3,   3,   3,   3,   3,   3,   3,   4,   4,   4,   4,   4,   4,   4,   4,   4,   4,   4,   4,   4,   5,   5,   5,   5,   5,   5,   5,   5,   5,   5,   5,   5,   5,   5,   5,   6,   6
  1,   0,   1,   2,   3,   4,   5,   6,   7,   8,   9,  10,  11,  12,  13,  14,  15,  16,  17,  18,  19,  20,  21,  22,  23,  24,  25,  26,  27,  28,  29,  30,  31,  32,  17,  19,  21,  23,  25,  27,  29,  31,  33,  35,  37,  39,  41,  43,  45,  47,  34,  35,  37,  38,  40,  41,  43,  44,  46,  47,  49,  50,  52,  53,  55,  56,  58,  59,  61,  62,  53,  55,  57,  59,  61,  63,  65,  67,  69,  71,  73,  75,  77,  72,  73,  74,  76,  77,  78,  79,  81,  82,  83,  84,  86,  87,  88,  89,  95,  97

  0,   1,   1,   1,   1,   1,   1,   1,   1,   1,   1,   1,   1,   1,   1,   1,   1,   1,   1,   1,   1,   1,   1,   1,   1,   1,   1,   1,   1,   1,   1,   1,   1,   1,   2,   2,   2,   2,   2,   2,   2,   2,   2,   2,   2,   2,   2,   2,   2,   2,   3,   3,   3,   3,   3,   3,   3,   3,   3,   3,   3,   3,   3,   3,   3,   3,   3,   3,   3,   3,   4,   4,   4,   4,   4,   4,   4,   4,   4,   4,   4,   4,   5,   5,   5,   5,   5,   5,   5,   5,   5,   5,   5,   5,   5,   5,   5,   5,   6,   6
  1,   0,   1,   2,   3,   4,   5,   6,   7,   8,   9,  10,  11,  12,  13,  14,  15,  16,  17,  18,  19,  20,  21,  22,  23,  24,  25,  26,  27,  28,  29,  30,  31,  32,  17,  19,  21,  23,  25,  27,  29,  31,  33,  35,  37,  39,  41,  43,  45,  47,  34,  35,  37,  38,  40,  41,  43,  44,  46,  47,  49,  50,  52,  53,  55,  56,  58,  59,  61,  62,  53,  55,  57,  59,  61,  63,  65,  67,  69,  71,  73,  75,  71,  72,  73,  74,  76,  77,  78,  79,  81,  82,  83,  84,  86,  87,  88,  89,  95,  97

  0,   1,   1,   1,   1,   1,   1,   1,   1,   1,   1,   1,   1,   1,   1,   1,   1,   1,   1,   1,   1,   1,   1,   1,   1,   1,   1,   1,   1,   1,   1,   1,   1,   1,   2,   2,   2,   2,   2,   2,   2,   2,   2,   2,   2,   2,   2,   2,   2,   2,   3,   3,   3,   3,   3,   3,   3,   3,   3,   3,   3,   3,   3,   3,   3,   3,   3,   3,   3,   3,   4,   4,   4,   4,   4,   4,   4,   4,   4,   4,   4,   4,   4,   5,   5,   5,   5,   5,   5,   5,   5,   5,   5,   5,   5,   5,   5,   5,   6,   6
  1,   0,   1,   2,   3,   4,   5,   6,   7,   8,   9,  10,  11,  12,  13,  14,  15,  16,  17,  18,  19,  20,  21,  22,  23,  24,  25,  26,  27,  28,  29,  30,  31,  32,  17,  19,  21,  23,  25,  27,  29,  31,  33,  35,  37,  39,  41,  43,  45,  47,  34,  35,  37,  38,  40,  41,  43,  44,  46,  47,  49,  50,  52,  53,  55,  56,  58,  59,  61,  62,  51,  53,  55,  57,  59,  61,  63,  65,  67,  69,  71,  73,  75,  71,  72,  73,  74,  76,  77,  78,  79,  81,  82,  83,  84,  86,  87,  88,  95,  97

  0,   1,   1,   1,   1,   1,   1,   1,   1,   1,   1,   1,   1,   1,   1,   1,   1,   1,   1,   1,   1,   1,   1,   1,   1,   1,   1,   1,   2,   2,   2,   2,   2,   2,   2,   2,   2,   2,   2,   2,   3,   3,   3,   3,   3,   3,   3,   3,   3,   3,   3,   3,   3,   3,   3,   3,   4,   4,   4,   4,   4,   4,   4,   4,   4,   4,   4,   5,   5,   5,   5,   5,   5,   5,   5,   5,   5,   5,   5,   5,   5,   5,   5,   6,   6,   6,   6,   6,   6,   7,   7,   7,   7,   7,   7,   7,   7,   7,   7,   7
  1,   0,   1,   2,   3,   4,   5,   6,   7,   8,   9,  10,  11,  12,  13,  14,  15,  16,  17,  18,  19,  20,  21,  22,  23,  24,  25,  26,  15,  17,  19,  21,  23,  25,  27,  29,  31,  33,  35,  37,  28,  29,  31,  32,  34,  35,  37,  38,  40,  41,  43,  44,  46,  47,  49,  50,  43,  45,  47,  49,  51,  53,  55,  57,  59,  61,  63,  56,  57,  58,  59,  61,  62,  63,  64,  66,  67,  68,  69,  71,  72,  73,  74,  71,  73,  77,  79,  83,  85,  86,  87,  88,  89,  90,  92,  93,  94,  95,  96,  97

  0,   1,   1,   1,   1,   1,   1,   1,   1,   1,   1,   1,   1,   1,   1,   1,   1,   1,   1,   1,   1,   1,   1,   1,   1,   1,   1,   1,   2,   2,   2,   2,   2,   2,   2,   2,   2,   2,   2,   2,   3,   3,   3,   3,   3,   3,   3,   3,   3,   3,   3,   3,   3,   3,   3,   3,   4,   4,   4,   4,   4,   4,   4,   4,   4,   4,   5,   5,   5,   5,   5,   5,   5,   5,   5,   5,   5,   5,   5,   5,   5,   5,   6,   6,   6,   6,   6,   6,   7,   7,   7,   7,   7,   7,   7,   7,   7,   7,   7,   7
  1,   0,   1,   2,   3,   4,   5,   6,   7,   8,   9,  10,  11,  12,  13,  14,  15,  16,  17,  18,  19,  20,  21,  22,  23,  24,  25,  26,  15,  17,  19,  21,  23,  25,  27,  29,  31,  33,  35,  37,  28,  29,  31,  32,  34,  35,  37,  38,  40,  41,  43,  44,  46,  47,  49,  50,  43,  45,  47,  49,  51,  53,  55,  57,  59,  61,  56,  57,  58,  59,  61,  62,  63,  64,  66,  67,  68,  69,  71,  72,  73,  74,  71,  73,  77,  79,  83,  85,  85,  86,  87,  88,  89,  90,  92,  93,  94,  95,  96,  97

  0,   1,   1,   1,   1,   1,   1,   1,   1,   1,   1,   1,   1,   1,   1,   1,   1,   1,   1,   1,   1,   1,   1,   1,   1,   1,   2,   2,   2,   2,   2,   2,   2,   2,   2,   2,   2,   2,   3,   3,   3,   3,   3,   3,   3,   3,   3,   3,   3,   3,   3,   3,   3,   3,   4,   4,   4,   4,   4,   4,   4,   4,   4,   4,   4,   5,   5,   5,   5,   5,   5,   5,   5,   5,   5,   5,   5,   5,   5,   5,   5,   6,   6,   6,   6,   6,   6,   7,   7,   7,   7,   7,   7,   7,   7,   7,   7,   7,   8,   8
  1,   0,   1,   2,   3,   4,   5,   6,   7,   8,   9,  10,  11,  12,  13,  14,  15,  16,  17,  18,  19,  20,  21,  22,  23,  24,  13,  15,  17,  19,  21,  23,  25,  27,  29,  31,  33,  35,  25,  26,  28,  29,  31,  32,  34,  35,  37,  38,  40,  41,  43,  44,  46,  47,  39,  41,  43,  45,  47,  49,  51,  53,  55,  57,  59,  51,  52,  53,  54,  56,  57,  58,  59,  61,  62,  63,  64,  66,  67,  68,  69,  65,  67,  71,  73,  77,  79,  79,  80,  81,  82,  83,  85,  86,  87,  88,  89,  90,  95,  97

  0,   1,   1,   1,   1,   1,   1,   1,   1,   1,   1,   1,   1,   1,   1,   1,   1,   1,   1,   1,   1,   1,   1,   1,   1,   1,   2,   2,   2,   2,   2,   2,   2,   2,   2,   2,   2,   2,   3,   3,   3,   3,   3,   3,   3,   3,   3,   3,   3,   3,   3,   3,   3,   3,   4,   4,   4,   4,   4,   4,   4,   4,   4,   4,   5,   5,   5,   5,   5,   5,   5,   5,   5,   5,   5,   5,   5,   5,   5,   5,   6,   6,   6,   6,   6,   6,   7,   7,   7,   7,   7,   7,   7,   7,   7,   7,   7,   7,   8,   8
  1,   0,   1,   2,   3,   4,   5,   6,   7,   8,   9,  10,  11,  12,  13,  14,  15,  16,  17,  18,  19,  20,  21,  22,  23,  24,  13,  15,  17,  19,  21,  23,  25,  27,  29,  31,  33,  35,  25,  26,  28,  29,  31,  32,  34,  35,  37,  38,  40,  41,  43,  44,  46,  47,  39,  41,  43,  45,  47,  49,  51,  53,  55,  57,  51,  52,  53,  54,  56,  57,  58,  59,  61,  62,  63,  64,  66,  67,  68,  69,  65,  67,  71,  73,  77,  79,  78,  79,  80,  81,  82,  83,  85,  86,  87,  88,  89,  90,  95,  97

  0,   1,   1,   1,   1,   1,   1,   1,   1,   1,   1,   1,   1,   1,   1,   1,   1,   1,   1,   1,   1,   1,   1,   1,   1,   2,   2,   2,   2,   2,   2,   2,   2,   2,   2,   2,   2,   3,   3,   3,   3,   3,   3,   3,   3,   3,   3,   3,   3,   3,   3,   3,   3,   4,   4,   4,   4,   4,   4,   4,   4,   4,   4,   5,   5,   5,   5,   5,   5,   5,   5,   5,   5,   5,   5,   5,   5,   5,   5,   6,   6,   6,   6,   6,   6,   7,   7,   7,   7,   7,   7,   7,   7,   7,   7,   7,   7,   8,   8,   8
  1,   0,   1,   2,   3,   4,   5,   6,   7,   8,   9,  10,  11,  12,  13,  14,  15,  16,  17,  18,  19,  20,  21,  22,  23,  13,  15,  17,  19,  21,  23,  25,  27,  29,  31,  33,  35,  25,  26,  28,  29,  31,  32,  34,  35,  37,  38,  40,  41,  43,  44,  46,  47,  39,  41,  43,  45,  47,  49,  51,  53,  55,  57,  51,  52,  53,  54,  56,  57,  58,  59,  61,  62,  63,  64,  66,  67,  68,  69,  65,  67,  71,  73,  77,  79,  78,  79,  80,  81,  82,  83,  85,  86,  87,  88,  89,  90,  93,  95,  97

  0,   1,   1,   1,   1,   1,   1,   1,   1,   1,   1,   1,   1,   1,   1,   1,   1,   1,   1,   1,   1,   1,   1,   1,   1,   1,   2,   2,   2,   2,   2,   2,   2,   2,   2,   2,   2,   2,   3,   3,   3,   3,   3,   3,   3,   3,   3,   3,   3,   3,   3,   3,   3,   3,   4,   4,   4,   4,   4,   4,   4,   4,   4,   4,   4,   4,   5,   5,   5,   5,   5,   5,   5,   5,   5,   5,   5,   5,   5,   5,   5,   5,   6,   6,   6,   6,   6,   6,   7,   7,   7,   7,   7,   7,   7,   7,   7,   7,   8,   8
  1,   0,   1,   2,   3,   4,   5,   6,   7,   8,   9,  10,  11,  12,  13,  14,  15,  16,  17,  18,  19,  20,  21,  22,  23,  24,  13,  15,  17,  19,  21,  23,  25,  27,  29,  31,  33,  35,  25,  26,  28,  29,  31,  32,  34,  35,  37,  38,  40,  41,  43,  44,  46,  47,  37,  39,  41,  43,  45,  47,  49,  51,  53,  55,  57,  59,  51,  52,  53,  54,  56,  57,  58,  59,  61,  62,  63,  64,  66,  67,  68,  69,  65,  67,  71,  73,  77,  79,  79,  80,  81,  82,  83,  85,  86,  87,  88,  89,  95,  97

  0,   1,   1,   1,   1,   1,   1,   1,   1,   1,   1,   1,   1,   1,   1,   1,   1,   1,   1,   1,   1,   1,   1,   1,   1,   1,   2,   2,   2,   2,   2,   2,   2,   2,   2,   2,   2,   2,   3,   3,   3,   3,   3,   3,   3,   3,   3,   3,   3,   3,   3,   3,   3,   3,   4,   4,   4,   4,   4,   4,   4,   4,   4,   4,   4,   5,   5,   5,   5,   5,   5,   5,   5,   5,   5,   5,   5,   5,   5,   5,   5,   6,   6,   6,   6,   6,   6,   7,   7,   7,   7,   7,   7,   7,   7,   7,   7,   7,   8,   8
  1,   0,   1,   2,   3,   4,   5,   6,   7,   8,   9,  10,  11,  12,  13,  14,  15,  16,  17,  18,  19,  20,  21,  22,  23,  24,  13,  15,  17,  19,  21,  23,  25,  27,  29,  31,  33,  35,  25,  26,  28,  29,  31,  32,  34,  35,  37,  38,  40,  41,  43,  44,  46,  47,  37,  39,  41,  43,  45,  47,  49,  51,  53,  55,  57,  51,  52,  53,  54,  56,  57,  58,  59,  61,  62,  63,  64,  66,  67,  68,  69,  65,  67,  71,  73,  77,  79,  78,  79,  80,  81,  82,  83,  85,  86,  87,  88,  89,  95,  97

  0,   1,   1,   1,   1,   1,   1,   1,   1,   1,   1,   1,   1,   1,   1,   1,   1,   1,   1,   1,   1,   1,   1,   1,   1,   2,   2,   2,   2,   2,   2,   2,   2,   2,   2,   2,   2,   3,   3,   3,   3,   3,   3,   3,   3,   3,   3,   3,   3,   3,   3,   3,   3,   4,   4,   4,   4,   4,   4,   4,   4,   4,   4,   4,   5,   5,   5,   5,   5,   5,   5,   5,   5,   5,   5,   5,   5,   5,   5,   5,   6,   6,   6,   6,   6,   6,   7,   7,   7,   7,   7,   7,   7,   7,   7,   7,   7,   8,   8,   8
  1,   0,   1,   2,   3,   4,   5,   6,   7,   8,   9,  10,  11,  12,  13,  14,  15,  16,  17,  18,  19,  20,  21,  22,  23,  13,  15,  17,  19,  21,  23,  25,  27,  29,  31,  33,  35,  25,  26,  28,  29,  31,  32,  34,  35,  37,  38,  40,  41,  43,  44,  46,  47,  37,  39,  41,  43,  45,  47,  49,  51,  53,  55,  57,  51,  52,  53,  54,  56,  57,  58,  59,  61,  62,  63,  64,  66,  67,  68,  69,  65,  67,  71,  73,  77,  79,  78,  79,  80,  81,  82,  83,  85,  86,  87,  88,  89,  93,  95,  97

  0,   1,   1,   1,   1,   1,   1,   1,   1,   1,   1,   1,   1,   1,   1,   1,   1,   1,   1,   1,   1,   1,   1,   2,   2,   2,   2,   2,   2,   2,   2,   2,   2,   2,   3,   3,   3,   3,   3,   3,   3,   3,   3,   3,   3,   3,   3,   3,   4,   4,   4,   4,   4,   4,   4,   4,   4,   4,   5,   5,   5,   5,   5,   5,   5,   5,   5,   5,   5,   5,   5,   5,   6,   6,   6,   6,   6,   6,   7,   7,   7,   7,   7,   7,   7,   7,   7,   7,   7,   7,   8,   8,   8,   8,   8,   8,   9,   9,   9,   9
  1,   0,   1,   2,   3,   4,   5,   6,   7,   8,   9,  10,  11,  12,  13,  14,  15,  16,  17,  18,  19,  20,  21,  11,  13,  15,  17,  19,  21,  23,  25,  27,  29,  31,  22,  23,  25,  26,  28,  29,  31,  32,  34,  35,  37,  38,  40,  41,  33,  35,  37,  39,  41,  43,  45,  47,  49,  51,  44,  46,  47,  48,  49,  51,  52,  53,  54,  56,  57,  58,  59,  61,  55,  59,  61,  65,  67,  71,  67,  68,  69,  71,  72,  73,  74,  75,  76,  78,  79,  80,  79,  81,  83,  85,  87,  89,  92,  94,  95,  97

  0,   1,   1,   1,   1,   1,   1,   1,   1,   1,   1,   1,   1,   1,   1,   1,   1,   1,   1,   1,   1,   1,   2,   2,   2,   2,   2,   2,   2,   2,   2,   2,   2,   3,   3,   3,   3,   3,   3,   3,   3,   3,   3,   3,   3,   3,   3,   4,   4,   4,   4,   4,   4,   4,   4,   4,   4,   5,   5,   5,   5,   5,   5,   5,   5,   5,   5,   5,   5,   5,   5,   6,   6,   6,   6,   6,   6,   7,   7,   7,   7,   7,   7,   7,   7,   7,   7,   7,   7,   8,   8,   8,   8,   8,   8,   9,   9,   9,   9,   9
  1,   0,   1,   2,   3,   4,   5,   6,   7,   8,   9,  10,  11,  12,  13,  14,  15,  16,  17,  18,  19,  20,  11,  13,  15,  17,  19,  21,  23,  25,  27,  29,  31,  22,  23,  25,  26,  28,  29,  31,  32,  34,  35,  37,  38,  40,  41,  33,  35,  37,  39,  41,  43,  45,  47,  49,  51,  44,  46,  47,  48,  49,  51,  52,  53,  54,  56,  57,  58,  59,  61,  55,  59,  61,  65,  67,  71,  67,  68,  69,  71,  72,  73,  74,  75,  76,  78,  79,  80,  79,  81,  83,  85,  87,  89,  91,  92,  94,  95,  97

  0,   1,   1,   1,   1,   1,   1,   1,   1,   1,   1,   1,   1,   1,   1,   1,   1,   1,   1,   2,   2,   2,   2,   2,   2,   2,   2,   2,   3,   3,   3,   3,   3,   3,   3,   3,   3,   3,   3,   4,   4,   4,   4,   4,   4,   4,   4,   5,   5,   5,   5,   5,   5,   5,   5,   5,   5,   5,   5,   5,   6,   6,   6,   6,   6,   7,   7,   7,   7,   7,   7,   7,   7,   7,   7,   7,   7,   8,   8,   8,   8,   8,   8,   9,   9,   9,   9,   9,   9,   9,   9,  10,  10,  10,  10,  11,  11,  11,  11,  11
  1,   0,   1,   2,   3,   4,   5,   6,   7,   8,   9,  10,  11,  12,  13,  14,  15,  16,  17,   9,  11,  13,  15,  17,  19,  21,  23,  25,  19,  20,  22,  23,  25,  26,  28,  29,  31,  32,  34,  27,  29,  31,  33,  35,  37,  39,  41,  36,  37,  38,  39,  41,  42,  43,  44,  46,  47,  48,  49,  51,  47,  49,  53,  55,  59,  54,  55,  57,  58,  59,  60,  61,  62,  64,  65,  66,  67,  65,  67,  69,  71,  73,  75,  73,  74,  76,  77,  79,  80,  82,  83,  83,  87,  89,  91,  93,  94,  95,  96,  97

  0,   1,   1,   1,   1,   1,   1,   1,   1,   1,   1,   1,   1,   1,   1,   1,   1,   1,   1,   2,   2,   2,   2,   2,   2,   2,   2,   2,   3,   3,   3,   3,   3,   3,   3,   3,   3,   3,   3,   4,   4,   4,   4,   4,   4,   4,   4,   5,   5,   5,   5,   5,   5,   5,   5,   5,   5,   5,   5,   5,   6,   6,   6,   6,   6,   7,   7,   7,   7,   7,   7,   7,   7,   7,   7,   7,   7,   8,   8,   8,   8,   8,   8,   8,   9,   9,   9,   9,   9,   9,   9,   9,  10,  10,  10,  11,  11,  11,  11,  11
  1,   0,   1,   2,   3,   4,   5,   6,   7,   8,   9,  10,  11,  12,  13,  14,  15,  16,  17,   9,  11,  13,  15,  17,  19,  21,  23,  25,  19,  20,  22,  23,  25,  26,  28,  29,  31,  32,  34,  27,  29,  31,  33,  35,  37,  39,  41,  36,  37,  38,  39,  41,  42,  43,  44,  46,  47,  48,  49,  51,  47,  49,  53,  55,  59,  54,  55,  57,  58,  59,  60,  61,  62,  64,  65,  66,  67,  63,  65,  67,  69,  71,  73,  75,  73,  74,  76,  77,  79,  80,  82,  83,  83,  87,  89,  93,  94,  95,  96,  97

  0,   1,   1,   1,   1,   1,   1,   1,   1,   1,   1,   1,   2,   2,   2,   2,   2,   3,   3,   3,   3,   3,   3,   3,   4,   4,   4,   4,   4,   5,   5,   5,   5,   5,   5,   5,   5,   6,   6,   6,   7,   7,   7,   7,   7,   7,   7,   7,   7,   8,   8,   8,   8,   8,   9,   9,   9,   9,   9,   9,  10,  10,  10,  10,  11,  11,  11,  11,  11,  11,  11,  11,  12,  12,  12,  13,  13,  13,  13,  13,  13,  13,  14,  14,  14,  14,  15,  15,  15,  15,  16,  16,  16,  17,  17,  17,  17,  18,  19,  19
  1,   0,   1,   2,   3,   4,   5,   6,   7,   8,   9,  10,   7,   9,  11,  13,  15,  11,  13,  14,  16,  17,  19,  20,  17,  19,  21,  23,  25,  21,  22,  23,  24,  26,  27,  28,  29,  29,  31,  35,  31,  32,  33,  34,  36,  37,  38,  39,  40,  37,  39,  41,  43,  45,  43,  44,  46,  47,  49,  50,  47,  49,  51,  53,  52,  53,  54,  56,  57,  58,  59,  60,  59,  61,  65,  63,  64,  66,  67,  68,  69,  70,  69,  71,  73,  75,  74,  76,  77,  79,  79,  81,  83,  86,  87,  88,  89,  91,  96,  97

  0,   1,   1,   1,   1,   1,   1,   1,   1,   1,   1,   2,   2,   2,   2,   2,   3,   3,   3,   3,   3,   3,   3,   4,   4,   4,   4,   4,   5,   5,   5,   5,   5,   5,   5,   5,   6,   6,   6,   7,   7,   7,   7,   7,   7,   7,   7,   8,   8,   8,   8,   8,   9,   9,   9,   9,   9,   9,  10,  10,  10,  10,  11,  11,  11,  11,  11,  11,  11,  11,  12,  12,  12,  13,  13,  13,  13,  13,  13,  13,  14,  14,  14,  14,  15,  15,  15,  15,  16,  16,  16,  17,  17,  17,  17,  18,  19,  19,  19,  20
  1,   0,   1,   2,   3,   4,   5,   6,   7,   8,   9,   5,   7,   9,  11,  13,  10,  11,  13,  14,  16,  17,  19,  15,  17,  19,  21,  23,  21,  22,  23,  24,  26,  27,  28,  29,  25,  29,  31,  30,  31,  32,  33,  34,  36,  37,  38,  35,  37,  39,  41,  43,  40,  41,  43,  44,  46,  47,  47,  49,  51,  53,  50,  51,  52,  53,  54,  56,  57,  58,  55,  59,  61,  60,  61,  62,  63,  64,  66,  67,  65,  67,  69,  71,  71,  73,  74,  76,  77,  79,  81,  81,  82,  83,  84,  89,  92,  93,  94,  97

  0,   1,   1,   1,   1,   1,   1,   1,   1,   1,   1,   2,   2,   2,   2,   2,   3,   3,   3,   3,   3,   3,   3,   4,   4,   4,   4,   4,   5,   5,   5,   5,   5,   5,   5,   5,   6,   6,   6,   7,   7,   7,   7,   7,   7,   7,   7,   8,   8,   8,   8,   8,   9,   9,   9,   9,   9,   9,  10,  10,  10,  10,  11,  11,  11,  11,  11,  11,  11,  12,  12,  12,  13,  13,  13,  13,  13,  13,  13,  14,  14,  14,  14,  15,  15,  15,  15,  16,  16,  16,  17,  17,  17,  17,  18,  19,  19,  19,  19,  20
  1,   0,   1,   2,   3,   4,   5,   6,   7,   8,   9,   5,   7,   9,  11,  13,  10,  11,  13,  14,  16,  17,  19,  15,  17,  19,  21,  23,  21,  22,  23,  24,  26,  27,  28,  29,  25,  29,  31,  30,  31,  32,  33,  34,  36,  37,  38,  35,  37,  39,  41,  43,  40,  41,  43,  44,  46,  47,  47,  49,  51,  53,  50,  51,  52,  53,  54,  56,  57,  55,  59,  61,  60,  61,  62,  63,  64,  66,  67,  65,  67,  69,  71,  71,  73,  74,  76,  77,  79,  81,  81,  82,  83,  84,  89,  91,  92,  93,  94,  97

  0,   1,   1,   1,   1,   1,   1,   1,   1,   1,   1,   2,   2,   2,   2,   2,   3,   3,   3,   3,   3,   3,   3,   4,   4,   4,   4,   4,   5,   5,   5,   5,   5,   5,   5,   5,   6,   6,   6,   7,   7,   7,   7,   7,   7,   7,   7,   8,   8,   8,   8,   8,   9,   9,   9,   9,   9,   9,  10,  10,  10,  11,  11,  11,  11,  11,  11,  11,  12,  12,  12,  13,  13,  13,  13,  13,  13,  13,  14,  14,  14,  14,  15,  15,  15,  15,  16,  16,  16,  16,  17,  17,  17,  17,  18,  19,  19,  19,  19,  20
  1,   0,   1,   2,   3,   4,   5,   6,   7,   8,   9,   5,   7,   9,  11,  13,  10,  11,  13,  14,  16,  17,  19,  15,  17,  19,  21,  23,  21,  22,  23,  24,  26,  27,  28,  29,  25,  29,  31,  30,  31,  32,  33,  34,  36,  37,  38,  35,  37,  39,  41,  43,  40,  41,  43,  44,  46,  47,  47,  49,  51,  50,  51,  52,  53,  54,  56,  57,  55,  59,  61,  60,  61,  62,  63,  64,  66,  67,  65,  67,  69,  71,  71,  73,  74,  76,  75,  77,  79,  81,  81,  82,  83,  84,  89,  91,  92,  93,  94,  97

  0,   1,   1,   1,   1,   1,   1,   1,   1,   1,   1,   2,   2,   2,   2,   2,   3,   3,   3,   3,   3,   3,   3,   4,   4,   4,   4,   4,   5,   5,   5,   5,   5,   5,   5,   5,   6,   6,   6,   7,   7,   7,   7,   7,   7,   7,   7,   8,   8,   8,   8,   8,   9,   9,   9,   9,   9,   9,  10,  10,  10,  11,  11,  11,  11,  11,  11,  11,  12,  12,  12,  13,  13,  13,  13,  13,  13,  14,  14,  14,  14,  15,  15,  15,  15,  16,  16,  16,  16,  17,  17,  17,  17,  17,  18,  19,  19,  19,  19,  20
  1,   0,   1,   2,   3,   4,   5,   6,   7,   8,   9,   5,   7,   9,  11,  13,  10,  11,  13,  14,  16,  17,  19,  15,  17,  19,  21,  23,  21,  22,  23,  24,  26,  27,  28,  29,  25,  29,  31,  30,  31,  32,  33,  34,  36,  37,  38,  35,  37,  39,  41,  43,  40,  41,  43,  44,  46,  47,  47,  49,  51,  50,  51,  52,  53,  54,  56,  57,  55,  59,  61,  60,  61,  62,  63,  64,  66,  65,  67,  69,  71,  71,  73,  74,  76,  75,  77,  79,  81,  80,  81,  82,  83,  84,  89,  91,  92,  93,  94,  97

  0,   1,   1,   1,   1,   1,   1,   1,   1,   1,   1,   2,   2,   2,   2,   2,   3,   3,   3,   3,   3,   3,   3,   4,   4,   4,   4,   4,   5,   5,   5,   5,   5,   5,   5,   5,   6,   6,   6,   7,   7,   7,   7,   7,   7,   7,   7,   8,   8,   8,   8,   8,   9,   9,   9,   9,   9,   9,  10,  10,  10,  11,  11,  11,  11,  11,  11,  11,  12,  12,  12,  13,  13,  13,  13,  13,  13,  14,  14,  14,  14,  15,  15,  15,  15,  16,  16,  16,  17,  17,  17,  17,  17,  18,  18,  19,  19,  19,  19,  20
  1,   0,   1,   2,   3,   4,   5,   6,   7,   8,   9,   5,   7,   9,  11,  13,  10,  11,  13,  14,  16,  17,  19,  15,  17,  19,  21,  23,  21,  22,  23,  24,  26,  27,  28,  29,  25,  29,  31,  30,  31,  32,  33,  34,  36,  37,  38,  35,  37,  39,  41,  43,  40,  41,  43,  44,  46,  47,  47,  49,  51,  50,  51,  52,  53,  54,  56,  57,  55,  59,  61,  60,  61,  62,  63,  64,  66,  65,  67,  69,  71,  71,  73,  74,  76,  75,  77,  79,  80,  81,  82,  83,  84,  85,  89,  91,  92,  93,  94,  97

  0,   1,   1,   1,   1,   1,   1,   1,   1,   1,   1,   2,   2,   2,   2,   2,   3,   3,   3,   3,   3,   3,   3,   4,   4,   4,   4,   4,   5,   5,   5,   5,   5,   5,   5,   6,   6,   6,   7,   7,   7,   7,   7,   7,   7,   7,   8,   8,   8,   8,   8,   9,   9,   9,   9,   9,   9,  10,  10,  10,  11,  11,  11,  11,  11,  11,  11,  12,  12,  12,  13,  13,  13,  13,  13,  13,  14,  14,  14,  14,  15,  15,  15,  15,  16,  16,  16,  17,  17,  17,  17,  17,  18,  18,  19,  19,  19,  19,  19,  20
  1,   0,   1,   2,   3,   4,   5,   6,   7,   8,   9,   5,   7,   9,  11,  13,  10,  11,  13,  14,  16,  17,  19,  15,  17,  19,  21,  23,  21,  22,  23,  24,  26,  27,  28,  25,  29,  31,  30,  31,  32,  33,  34,  36,  37,  38,  35,  37,  39,  41,  43,  40,  41,  43,  44,  46,  47,  47,  49,  51,  50,  51,  52,  53,  54,  56,  57,  55,  59,  61,  60,  61,  62,  63,  64,  66,  65,  67,  69,  71,  71,  73,  74,  76,  75,  77,  79,  80,  81,  82,  83,  84,  85,  89,  90,  91,  92,  93,  94,  97

  0,   1,   1,   1,   1,   1,   1,   1,   1,   1,   1,   2,   2,   2,   2,   2,   3,   3,   3,   3,   3,   3,   3,   4,   4,   4,   4,   4,   5,   5,   5,   5,   5,   5,   5,   5,   6,   6,   6,   7,   7,   7,   7,   7,   7,   7,   7,   8,   8,   8,   8,   8,   9,   9,   9,   9,   9,   9,  10,  10,  10,  11,  11,  11,  11,  11,  11,  11,  11,  12,  12,  12,  13,  13,  13,  13,  13,  13,  13,  14,  14,  14,  14,  15,  15,  15,  16,  16,  16,  17,  17,  17,  17,  17,  18,  18,  19,  19,  19,  20
  1,   0,   1,   2,   3,   4,   5,   6,   7,   8,   9,   5,   7,   9,  11,  13,  10,  11,  13,  14,  16,  17,  19,  15,  17,  19,  21,  23,  21,  22,  23,  24,  26,  27,  28,  29,  25,  29,  31,  30,  31,  32,  33,  34,  36,  37,  38,  35,  37,  39,  41,  43,  40,  41,  43,  44,  46,  47,  47,  49,  51,  49,  50,  51,  52,  53,  54,  56,  57,  55,  59,  61,  59,  60,  61,  62,  63,  64,  66,  65,  67,  69,  71,  71,  73,  74,  75,  77,  79,  80,  81,  82,  83,  84,  85,  89,  91,  92,  93,  97

  0,   1,   1,   1,   1,   1,   1,   1,   1,   1,   1,   2,   2,   2,   2,   2,   3,   3,   3,   3,   3,   3,   3,   4,   4,   4,   4,   4,   5,   5,   5,   5,   5,   5,   5,   6,   6,   6,   7,   7,   7,   7,   7,   7,   7,   7,   8,   8,   8,   8,   8,   9,   9,   9,   9,   9,   9,  10,  10,  10,  11,  11,  11,  11,  11,  11,  11,  11,  12,  12,  12,  13,  13,  13,  13,  13,  13,  13,  14,  14,  14,  14,  15,  15,  15,  16,  16,  16,  17,  17,  17,  17,  17,  18,  18,  19,  19,  19,  19,  20
  1,   0,   1,   2,   3,   4,   5,   6,   7,   8,   9,   5,   7,   9,  11,  13,  10,  11,  13,  14,  16,  17,  19,  15,  17,  19,  21,  23,  21,  22,  23,  24,  26,  27,  28,  25,  29,  31,  30,  31,  32,  33,  34,  36,  37,  38,  35,  37,  39,  41,  43,  40,  41,  43,  44,  46,  47,  47,  49,  51,  49,  50,  51,  52,  53,  54,  56,  57,  55,  59,  61,  59,  60,  61,  62,  63,  64,  66,  65,  67,  69,  71,  71,  73,  74,  75,  77,  79,  80,  81,  82,  83,  84,  85,  89,  90,  91,  92,  93,  97

  0,   1,   1,   1,   1,   1,   1,   1,   1,   1,   1,   2,   2,   2,   2,   2,   3,   3,   3,   3,   3,   3,   4,   4,   4,   4,   4,   5,   5,   5,   5,   5,   5,   5,   6,   6,   6,   7,   7,   7,   7,   7,   7,   7,   8,   8,   8,   8,   8,   9,   9,   9,   9,   9,  10,  10,  10,  11,  11,  11,  11,  11,  11,  11,  11,  12,  12,  12,  13,  13,  13,  13,  13,  13,  13,  14,  14,  15,  15,  15,  16,  16,  16,  16,  17,  17,  17,  17,  17,  17,  18,  18,  19,  19,  19,  19,  19,  20,  20,  21
  1,   0,   1,   2,   3,   4,   5,   6,   7,   8,   9,   5,   7,   9,  11,  13,  10,  11,  13,  14,  16,  17,  15,  17,  19,  21,  23,  19,  21,  22,  23,  24,  26,  27,  25,  29,  31,  29,  30,  31,  32,  33,  34,  36,  33,  35,  37,  39,  41,  38,  40,  41,  43,  44,  43,  47,  49,  47,  48,  49,  50,  51,  52,  53,  54,  53,  55,  59,  57,  58,  59,  60,  61,  62,  63,  65,  67,  67,  68,  71,  71,  73,  75,  77,  76,  77,  78,  79,  80,  81,  83,  85,  86,  87,  88,  89,  90,  91,  93,  97

  0,   1,   1,   1,   1,   1,   1,   1,   1,   1,   2,   2,   2,   2,   3,   3,   3,   3,   3,   4,   4,   4,   4,   5,   5,   5,   5,   5,   5,   5,   6,   6,   6,   7,   7,   7,   7,   7,   7,   7,   8,   8,   8,   8,   9,   9,   9,   9,   9,   9,  10,  10,  10,  11,  11,  11,  11,  11,  11,  12,  12,  12,  13,  13,  13,  13,  13,  13,  14,  14,  14,  15,  15,  15,  16,  16,  16,  17,  17,  17,  17,  17,  17,  18,  18,  19,  19,  19,  19,  19,  19,  20,  21,  21,  21,  22,  22,  23,  23,  23
  1,   0,   1,   2,   3,   4,   5,   6,   7,   8,   5,   7,   9,  11,  10,  11,  13,  14,  16,  13,  15,  17,  19,  17,  18,  19,  21,  22,  23,  24,  23,  25,  29,  26,  27,  29,  30,  31,  32,  33,  31,  33,  35,  37,  34,  35,  37,  38,  40,  41,  39,  41,  43,  43,  45,  46,  47,  48,  49,  47,  49,  53,  51,  53,  54,  55,  56,  57,  57,  59,  61,  61,  62,  64,  65,  67,  69,  69,  70,  71,  72,  73,  74,  73,  77,  77,  78,  79,  80,  81,  82,  83,  86,  88,  89,  91,  93,  95,  96,  97

  0,   1,   1,   1,   1,   1,   1,   1,   1,   1,   2,   2,   2,   2,   3,   3,   3,   3,   3,   4,   4,   4,   4,   5,   5,   5,   5,   5,   5,   5,   6,   6,   6,   7,   7,   7,   7,   7,   7,   7,   8,   8,   8,   8,   9,   9,   9,   9,   9,   9,  10,  10,  10,  11,  11,  11,  11,  11,  11,  12,  12,  12,  13,  13,  13,  13,  13,  13,  14,  14,  14,  14,  15,  15,  15,  16,  16,  16,  17,  17,  17,  17,  17,  18,  18,  19,  19,  19,  19,  19,  20,  20,  21,  21,  21,  22,  22,  23,  23,  23
  1,   0,   1,   2,   3,   4,   5,   6,   7,   8,   5,   7,   9,  11,  10,  11,  13,  14,  16,  13,  15,  17,  19,  17,  18,  19,  21,  22,  23,  24,  23,  25,  29,  26,  27,  29,  30,  31,  32,  33,  31,  33,  35,  37,  34,  35,  37,  38,  40,  41,  39,  41,  43,  43,  45,  46,  47,  48,  49,  47,  49,  53,  51,  53,  54,  55,  56,  57,  55,  57,  59,  61,  61,  62,  64,  65,  67,  69,  69,  70,  71,  72,  73,  73,  77,  77,  78,  79,  80,  81,  81,  83,  86,  88,  89,  91,  93,  95,  96,  97

  0,   1,   1,   1,   1,   1,   1,   1,   1,   2,   2,   2,   2,   3,   3,   3,   3,   3,   4,   4,   4,   4,   5,   5,   5,   5,   5,   5,   5,   6,   6,   7,   7,   7,   7,   7,   7,   8,   8,   8,   9,   9,   9,   9,   9,  10,  10,  10,  11,  11,  11,  11,  11,  11,  12,  12,  12,  13,  13,  13,  13,  13,  13,  14,  14,  14,  14,  15,  15,  15,  16,  16,  16,  17,  17,  17,  17,  17,  18,  18,  19,  19,  19,  19,  19,  20,  20,  21,  21,  21,  21,  22,  22,  23,  23,  23,  23,  24,  25,  25
  1,   0,   1,   2,   3,   4,   5,   6,   7,   5,   7,   9,  11,   8,  10,  11,  13,  14,  13,  15,  17,  19,  16,  17,  18,  19,  21,  22,  23,  23,  25,  24,  25,  26,  27,  29,  30,  29,  31,  33,  32,  34,  35,  37,  38,  37,  39,  41,  39,  40,  41,  42,  43,  45,  43,  47,  49,  47,  48,  49,  50,  51,  53,  51,  53,  55,  57,  56,  58,  59,  59,  61,  63,  63,  64,  65,  66,  67,  67,  71,  71,  72,  73,  74,  75,  77,  79,  79,  80,  82,  83,  83,  85,  87,  88,  89,  90,  91,  96,  97

  0,   1,   1,   1,   1,   1,   1,   1,   1,   2,   2,   2,   2,   3,   3,   3,   3,   3,   4,   4,   4,   5,   5,   5,   5,   5,   5,   6,   6,   6,   7,   7,   7,   7,   7,   7,   8,   8,   8,   8,   9,   9,   9,   9,   9,  10,  10,  10,  11,  11,  11,  11,  11,  11,  12,  12,  13,  13,  13,  13,  13,  13,  14,  14,  14,  15,  15,  15,  16,  16,  16,  16,  17,  17,  17,  17,  17,  17,  18,  18,  19,  19,  19,  19,  19,  20,  20,  21,  21,  22,  22,  23,  23,  23,  23,  24,  24,  25,  25,  26
  1,   0,   1,   2,   3,   4,   5,   6,   7,   5,   7,   9,  11,   8,  10,  11,  13,  14,  13,  15,  17,  16,  17,  18,  19,  21,  22,  19,  23,  25,  23,  24,  25,  26,  27,  29,  27,  29,  31,  33,  31,  32,  34,  35,  37,  37,  39,  41,  38,  39,  40,  41,  42,  43,  43,  47,  46,  47,  48,  49,  50,  51,  51,  53,  55,  56,  58,  59,  57,  59,  61,  63,  61,  62,  63,  64,  65,  66,  65,  67,  69,  70,  71,  72,  73,  73,  77,  79,  80,  81,  83,  85,  86,  87,  88,  89,  91,  93,  94,  97

  0,   1,   1,   1,   1,   1,   1,   1,   1,   2,   2,   2,   2,   3,   3,   3,   3,   3,   4,   4,   4,   5,   5,   5,   5,   5,   5,   6,   6,   6,   7,   7,   7,   7,   7,   7,   8,   8,   8,   8,   9,   9,   9,   9,   9,  10,  10,  11,  11,  11,  11,  11,  11,  12,  12,  13,  13,  13,  13,  13,  13,  14,  14,  14,  15,  15,  15,  16,  16,  16,  17,  17,  17,  17,  17,  17,  18,  18,  19,  19,  19,  19,  19,  20,  20,  21,  21,  22,  22,  23,  23,  23,  23,  23,  24,  24,  25,  25,  25,  26
  1,   0,   1,   2,   3,   4,   5,   6,   7,   5,   7,   9,  11,   8,  10,  11,  13,  14,  13,  15,  17,  16,  17,  18,  19,  21,  22,  19,  23,  25,  23,  24,  25,  26,  27,  29,  27,  29,  31,  33,  31,  32,  34,  35,  37,  37,  39,  38,  39,  40,  41,  42,  43,  43,  47,  46,  47,  48,  49,  50,  51,  51,  53,  55,  56,  58,  59,  57,  59,  61,  61,  62,  63,  64,  65,  66,  65,  67,  69,  70,  71,  72,  73,  73,  77,  79,  80,  81,  83,  84,  85,  86,  87,  88,  89,  91,  92,  93,  94,  97

  0,   1,   1,   1,   1,   1,   1,   1,   1,   2,   2,   2,   2,   3,   3,   3,   3,   3,   4,   4,   4,   5,   5,   5,   5,   5,   5,   6,   6,   6,   7,   7,   7,   7,   7,   7,   8,   8,   8,   8,   9,   9,   9,   9,   9,  10,  10,  10,  11,  11,  11,  11,  11,  11,  12,  12,  13,  13,  13,  13,  13,  13,  14,  14,  14,  15,  15,  15,  15,  16,  16,  16,  16,  17,  17,  17,  17,  17,  17,  18,  18,  19,  19,  19,  19,  19,  20,  20,  21,  21,  22,  22,  23,  23,  23,  24,  24,  25,  25,  26
  1,   0,   1,   2,   3,   4,   5,   6,   7,   5,   7,   9,  11,   8,  10,  11,  13,  14,  13,  15,  17,  16,  17,  18,  19,  21,  22,  19,  23,  25,  23,  24,  25,  26,  27,  29,  27,  29,  31,  33,  31,  32,  34,  35,  37,  37,  39,  41,  38,  39,  40,  41,  42,  43,  43,  47,  46,  47,  48,  49,  50,  51,  51,  53,  55,  53,  56,  58,  59,  57,  59,  61,  63,  61,  62,  63,  64,  65,  66,  65,  67,  69,  70,  71,  72,  73,  73,  77,  79,  80,  81,  83,  85,  86,  87,  89,  91,  93,  94,  97

  0,   1,   1,   1,   1,   1,   1,   1,   1,   2,   2,   2,   2,   3,   3,   3,   3,   3,   4,   4,   4,   5,   5,   5,   5,   5,   5,   6,   6,   6,   7,   7,   7,   7,   7,   7,   8,   8,   8,   8,   9,   9,   9,   9,   9,  10,  10,  11,  11,  11,  11,  11,  11,  12,  12,  13,  13,  13,  13,  13,  13,  14,  14,  14,  15,  15,  15,  15,  16,  16,  16,  17,  17,  17,  17,  17,  17,  18,  18,  19,  19,  19,  19,  19,  20,  20,  21,  21,  22,  22,  23,  23,  23,  23,  24,  24,  25,  25,  25,  26
  1,   0,   1,   2,   3,   4,   5,   6,   7,   5,   7,   9,  11,   8,  10,  11,  13,  14,  13,  15,  17,  16,  17,  18,  19,  21,  22,  19,  23,  25,  23,  24,  25,  26,  27,  29,  27,  29,  31,  33,  31,  32,  34,  35,  37,  37,  39,  38,  39,  40,  41,  42,  43,  43,  47,  46,  47,  48,  49,  50,  51,  51,  53,  55,  53,  56,  58,  59,  57,  59,  61,  61,  62,  63,  64,  65,  66,  65,  67,  69,  70,  71,  72,  73,  73,  77,  79,  80,  81,  83,  84,  85,  86,  87,  89,  91,  92,  93,  94,  97

  0,   1,   1,   1,   1,   1,   1,   1,   1,   2,   2,   2,   2,   3,   3,   3,   3,   3,   4,   4,   4,   5,   5,   5,   5,   5,   5,   6,   6,   6,   7,   7,   7,   7,   7,   7,   8,   8,   8,   8,   9,   9,   9,   9,   9,  10,  10,  11,  11,  11,  11,  11,  11,  12,  12,  13,  13,  13,  13,  13,  13,  14,  14,  14,  15,  15,  15,  16,  16,  16,  17,  17,  17,  17,  17,  17,  18,  18,  19,  19,  19,  19,  19,  20,  20,  21,  21,  21,  22,  22,  23,  23,  23,  23,  24,  24,  25,  25,  25,  26
  1,   0,   1,   2,   3,   4,   5,   6,   7,   5,   7,   9,  11,   8,  10,  11,  13,  14,  13,  15,  17,  16,  17,  18,  19,  21,  22,  19,  23,  25,  23,  24,  25,  26,  27,  29,  27,  29,  31,  33,  31,  32,  34,  35,  37,  37,  39,  38,  39,  40,  41,  42,  43,  43,  47,  46,  47,  48,  49,  50,  51,  51,  53,  55,  53,  56,  58,  57,  59,  61,  61,  62,  63,  64,  65,  66,  65,  67,  69,  70,  71,  72,  73,  73,  77,  76,  79,  80,  81,  83,  84,  85,  86,  87,  89,  91,  92,  93,  94,  97

  0,   1,   1,   1,   1,   1,   1,   2,   2,   2,   3,   3,   3,   3,   4,   4,   4,   5,   5,   5,   5,   5,   6,   6,   7,   7,   7,   7,   7,   8,   8,   8,   9,   9,   9,   9,  10,  10,  10,  11,  11,  11,  11,  11,  12,  12,  13,  13,  13,  13,  13,  14,  14,  14,  15,  15,  15,  15,  16,  16,  16,  17,  17,  17,  17,  18,  18,  19,  19,  19,  19,  20,  20,  20,  21,  21,  21,  22,  22,  22,  23,  23,  23,  23,  24,  24,  25,  25,  25,  26,  27,  27,  28,  29,  29,  30,  31,  31,  32,  33
  1,   0,   1,   2,   3,   4,   5,   3,   5,   7,   7,   8,  10,  11,   9,  11,  13,  12,  13,  14,  16,  17,  17,  19,  18,  19,  20,  22,  23,  21,  23,  25,  25,  26,  28,  29,  27,  29,  31,  30,  31,  32,  34,  35,  35,  37,  36,  37,  38,  40,  41,  39,  41,  43,  43,  44,  46,  47,  45,  47,  49,  48,  49,  50,  52,  53,  55,  54,  55,  56,  58,  57,  59,  61,  61,  62,  64,  63,  65,  67,  66,  67,  68,  70,  71,  73,  72,  73,  74,  77,  79,  80,  83,  85,  86,  89,  91,  92,  95,  97

  0,   1,   1,   1,   1,   1,   1,   2,   2,   2,   3,   3,   3,   3,   4,   4,   4,   5,   5,   5,   5,   5,   6,   6,   7,   7,   7,   7,   7,   8,   8,   8,   9,   9,   9,   9,  10,  10,  10,  11,  11,  11,  11,  11,  12,  12,  13,  13,  13,  13,  13,  14,  14,  14,  15,  15,  15,  15,  16,  16,  16,  17,  17,  17,  17,  18,  18,  19,  19,  19,  19,  20,  20,  20,  21,  21,  21,  22,  22,  22,  23,  23,  23,  23,  24,  25,  25,  25,  26,  26,  27,  27,  28,  29,  29,  30,  31,  31,  32,  33
  1,   0,   1,   2,   3,   4,   5,   3,   5,   7,   7,   8,  10,  11,   9,  11,  13,  12,  13,  14,  16,  17,  17,  19,  18,  19,  20,  22,  23,  21,  23,  25,  25,  26,  28,  29,  27,  29,  31,  30,  31,  32,  34,  35,  35,  37,  36,  37,  38,  40,  41,  39,  41,  43,  43,  44,  46,  47,  45,  47,  49,  48,  49,  50,  52,  53,  55,  54,  55,  56,  58,  57,  59,  61,  61,  62,  64,  63,  65,  67,  66,  67,  68,  70,  71,  72,  73,  74,  75,  77,  79,  80,  83,  85,  86,  89,  91,  92,  95,  97

  0,   1,   1,   1,   1,   1,   1,   2,   2,   2,   3,   3,   3,   3,   4,   4,   4,   5,   5,   5,   5,   5,   6,   6,   7,   7,   7,   7,   7,   8,   8,   8,   9,   9,   9,   9,  10,  10,  10,  11,  11,  11,  11,  11,  12,  12,  13,  13,  13,  13,  13,  14,  14,  14,  15,  15,  15,  16,  16,  16,  17,  17,  17,  17,  18,  18,  19,  19,  19,  19,  20,  20,  20,  21,  21,  21,  22,  22,  22,  23,  23,  23,  23,  24,  25,  25,  25,  26,  26,  27,  27,  28,  28,  29,  29,  30,  31,  31,  32,  33
  1,   0,   1,   2,   3,   4,   5,   3,   5,   7,   7,   8,  10,  11,   9,  11,  13,  12,  13,  14,  16,  17,  17,  19,  18,  19,  20,  22,  23,  21,  23,  25,  25,  26,  28,  29,  27,  29,  31,  30,  31,  32,  34,  35,  35,  37,  36,  37,  38,  40,  41,  39,  41,  43,  43,  44,  46,  45,  47,  49,  48,  49,  50,  52,  53,  55,  54,  55,  56,  58,  57,  59,  61,  61,  62,  64,  63,  65,  67,  66,  67,  68,  70,  71,  72,  73,  74,  75,  77,  79,  80,  81,  83,  85,  86,  89,  91,  92,  95,  97

  0,   1,   1,   1,   1,   1,   1,   2,   2,   2,   3,   3,   3,   3,   4,   4,   4,   5,   5,   5,   5,   5,   6,   6,   7,   7,   7,   7,   7,   8,   8,   8,   9,   9,   9,   9,  10,  10,  10,  11,  11,  11,  11,  11,  12,  12,  13,  13,  13,  13,  13,  14,  14,  14,  15,  15,  15,  16,  16,  16,  17,  17,  17,  17,  18,  18,  19,  19,  19,  19,  20,  20,  20,  21,  21,  21,  22,  22,  22,  23,  23,  23,  24,  25,  25,  25,  26,  26,  27,  27,  28,  28,  29,  29,  29,  30,  31,  31,  32,  33
  1,   0,   1,   2,   3,   4,   5,   3,   5,   7,   7,   8,  10,  11,   9,  11,  13,  12,  13,  14,  16,  17,  17,  19,  18,  19,  20,  22,  23,  21,  23,  25,  25,  26,  28,  29,  27,  29,  31,  30,  31,  32,  34,  35,  35,  37,  36,  37,  38,  40,  41,  39,  41,  43,  43,  44,  46,  45,  47,  49,  48,  49,  50,  52,  53,  55,  54,  55,  56,  58,  57,  59,  61,  61,  62,  64,  63,  65,  67,  66,  67,  68,  71,  72,  73,  74,  75,  77,  79,  80,  81,  83,  84,  85,  86,  89,  91,  92,  95,  97

  0,   1,   1,   1,   1,   1,   1,   2,   2,   2,   3,   3,   3,   3,   4,   4,   4,   5,   5,   5,   5,   5,   6,   6,   7,   7,   7,   7,   7,   8,   8,   8,   9,   9,   9,   9,  10,  10,  10,  11,  11,  11,  11,  11,  12,  12,  13,  13,  13,  13,  14,  14,  14,  15,  15,  15,  16,  16,  16,  17,  17,  17,  17,  18,  18,  19,  19,  19,  19,  20,  20,  20,  21,  21,  21,  22,  22,  22,  23,  23,  23,  24,  25,  25,  25,  26,  26,  27,  27,  28,  28,  29,  29,  29,  30,  31,  31,  31,  32,  33
  1,   0,   1,   2,   3,   4,   5,   3,   5,   7,   7,   8,  10,  11,   9,  11,  13,  12,  13,  14,  16,  17,  17,  19,  18,  19,  20,  22,  23,  21,  23,  25,  25,  26,  28,  29,  27,  29,  31,  30,  31,  32,  34,  35,  35,  37,  36,  37,  38,  40,  39,  41,  43,  43,  44,  46,  45,  47,  49,  48,  49,  50,  52,  53,  55,  54,  55,  56,  58,  57,  59,  61,  61,  62,  64,  63,  65,  67,  66,  67,  68,  71,  72,  73,  74,  75,  77,  79,  80,  81,  83,  84,  85,  86,  89,  90,  91,  92,  95,  97

  0,   1,   1,   1,   1,   1,   1,   2,   2,   2,   3,   3,   3,   3,   4,   4,   4,   5,   5,   5,   5,   5,   6,   6,   7,   7,   7,   7,   7,   8,   8,   8,   9,   9,   9,   9,  10,  10,  10,  11,  11,  11,  11,  11,  12,  12,  13,  13,  13,  13,  14,  14,  14,  15,  15,  15,  16,  16,  16,  17,  17,  17,  17,  18,  18,  19,  19,  19,  19,  20,  20,  20,  21,  21,  21,  22,  22,  23,  23,  23,  24,  25,  25,  25,  26,  26,  27,  27,  28,  28,  29,  29,  29,  30,  31,  31,  31,  32,  32,  33
  1,   0,   1,   2,   3,   4,   5,   3,   5,   7,   7,   8,  10,  11,   9,  11,  13,  12,  13,  14,  16,  17,  17,  19,  18,  19,  20,  22,  23,  21,  23,  25,  25,  26,  28,  29,  27,  29,  31,  30,  31,  32,  34,  35,  35,  37,  36,  37,  38,  40,  39,  41,  43,  43,  44,  46,  45,  47,  49,  48,  49,  50,  52,  53,  55,  54,  55,  56,  58,  57,  59,  61,  61,  62,  64,  63,  65,  66,  67,  68,  71,  72,  73,  74,  75,  77,  79,  80,  81,  83,  84,  85,  86,  89,  90,  91,  92,  93,  95,  97

  0,   1,   1,   1,   1,   1,   1,   2,   2,   2,   3,   3,   3,   3,   4,   4,   4,   5,   5,   5,   5,   6,   6,   7,   7,   7,   7,   7,   8,   8,   9,   9,   9,  10,  10,  11,  11,  11,  11,  11,  12,  12,  13,  13,  13,  13,  13,  14,  14,  14,  15,  15,  15,  16,  16,  16,  17,  17,  17,  17,  17,  18,  19,  19,  19,  19,  19,  20,  21,  21,  22,  22,  23,  23,  23,  23,  23,  24,  24,  25,  25,  25,  26,  26,  27,  27,  27,  28,  29,  29,  29,  30,  31,  31,  31,  32,  33,  33,  34,  35
  1,   0,   1,   2,   3,   4,   5,   3,   5,   7,   7,   8,  10,  11,   9,  11,  13,  12,  13,  14,  16,  17,  19,  17,  18,  19,  20,  22,  21,  23,  23,  25,  26,  27,  29,  28,  29,  30,  31,  32,  31,  35,  34,  35,  36,  37,  38,  37,  39,  41,  41,  43,  44,  43,  45,  47,  45,  46,  47,  48,  49,  49,  51,  52,  53,  54,  55,  57,  58,  59,  61,  63,  62,  63,  64,  65,  66,  65,  67,  68,  69,  71,  71,  73,  74,  76,  77,  79,  80,  81,  82,  83,  85,  86,  87,  89,  91,  92,  95,  97

  0,   1,   1,   1,   1,   1,   1,   2,   2,   2,   3,   3,   3,   3,   4,   4,   4,   5,   5,   5,   5,   6,   6,   7,   7,   7,   7,   7,   8,   8,   9,   9,   9,  10,  10,  11,  11,  11,  11,  11,  12,  12,  13,  13,  13,  13,  13,  14,  14,  14,  15,  15,  15,  16,  16,  16,  17,  17,  17,  17,  17,  18,  19,  19,  19,  19,  19,  20,  21,  21,  22,  22,  22,  23,  23,  23,  23,  23,  24,  24,  25,  25,  25,  26,  26,  27,  27,  28,  29,  29,  29,  30,  31,  31,  31,  32,  33,  33,  34,  35
  1,   0,   1,   2,   3,   4,   5,   3,   5,   7,   7,   8,  10,  11,   9,  11,  13,  12,  13,  14,  16,  17,  19,  17,  18,  19,  20,  22,  21,  23,  23,  25,  26,  27,  29,  28,  29,  30,  31,  32,  31,  35,  34,  35,  36,  37,  38,  37,  39,  41,  41,  43,  44,  43,  45,  47,  45,  46,  47,  48,  49,  49,  51,  52,  53,  54,  55,  57,  58,  59,  59,  61,  63,  62,  63,  64,  65,  66,  65,  67,  68,  69,  71,  71,  73,  74,  76,  79,  80,  81,  82,  83,  85,  86,  87,  89,  91,  92,  95,  97

  0,   1,   1,   1,   1,   1,   1,   2,   2,   2,   3,   3,   3,   3,   4,   4,   4,   5,   5,   5,   5,   6,   6,   7,   7,   7,   7,   7,   8,   8,   9,   9,   9,  10,  10,  11,  11,  11,  11,  11,  12,  12,  13,  13,  13,  13,  13,  14,  14,  14,  15,  15,  15,  16,  16,  17,  17,  17,  17,  17,  18,  19,  19,  19,  19,  19,  20,  21,  21,  22,  22,  22,  23,  23,  23,  23,  23,  24,  24,  25,  25,  25,  26,  26,  27,  27,  28,  29,  29,  29,  29,  30,  31,  31,  31,  32,  33,  33,  34,  35
  1,   0,   1,   2,   3,   4,   5,   3,   5,   7,   7,   8,  10,  11,   9,  11,  13,  12,  13,  14,  16,  17,  19,  17,  18,  19,  20,  22,  21,  23,  23,  25,  26,  27,  29,  28,  29,  30,  31,  32,  31,  35,  34,  35,  36,  37,  38,  37,  39,  41,  41,  43,  44,  43,  45,  45,  46,  47,  48,  49,  49,  51,  52,  53,  54,  55,  57,  58,  59,  59,  61,  63,  62,  63,  64,  65,  66,  65,  67,  68,  69,  71,  71,  73,  74,  76,  79,  79,  80,  81,  82,  83,  85,  86,  87,  89,  91,  92,  95,  97

