  0,   1,   1,   1,   1,   1,   1,   1,   1,   1,   1,   1,   1,   1,   1,   1,   1,   1,   1,   1,   1,   1,   1,   1,   1,   1,   1,   1,   1,   1,   1,   1,   1,   1,   1,   1,   1,   1,   1,   1,   1,   1,   1,   1,   1,   1,   1,   1,   1,   1,   1,   1,   1,   1,   1,   1,   1,   1,   1,   2,   2,   2,   2,   2,   2,   2,   2,   2,   2,   2,   2,   2,   2,   2,   2,   2,   2,   2,   2,   2,   2,   2,   2,   2,   3,   3,   3,   3,   3,   3,   3,   3,   3,   3,   3,   3,   3,   3,   3,   3,   3,   3
  1,   0,   1,   2,   3,   4,   5,   6,   7,   8,   9,  10,  11,  12,  13,  14,  15,  16,  17,  18,  19,  20,  21,  22,  23,  24,  25,  26,  27,  28,  29,  30,  31,  32,  33,  34,  35,  36,  37,  38,  39,  40,  41,  42,  43,  44,  45,  46,  47,  48,  49,  50,  51,  52,  53,  54,  55,  56,  57,  33,  35,  37,  39,  41,  43,  45,  47,  49,  51,  53,  55,  57,  59,  61,  63,  65,  67,  69,  71,  73,  75,  77,  79,  81,  73,  74,  76,  77,  79,  80,  82,  83,  85,  86,  88,  89,  91,  92,  94,  95,  97,  98

  0,   1,   1,   1,   1,   1,   1,   1,   1,   1,   1,   1,   1,   1,   1,   1,   1,   1,   1,   1,   1,   1,   1,   1,   1,   1,   1,   1,   1,   1,   1,   1,   1,   1,   1,   1,   1,   1,   1,   1,   1,   1,   1,   1,   1,   1,   1,   1,   1,   1,   1,   1,   1,   1,   1,   1,   1,   1,   2,   2,   2,   2,   2,   2,   2,   2,   2,   2,   2,   2,   2,   2,   2,   2,   2,   2,   2,   2,   2,   2,   2,   2,   3,   3,   3,   3,   3,   3,   3,   3,   3,   3,   3,   3,   3,   3,   3,   3,   3,   3,   3,   3
  1,   0,   1,   2,   3,   4,   5,   6,   7,   8,   9,  10,  11,  12,  13,  14,  15,  16,  17,  18,  19,  20,  21,  22,  23,  24,  25,  26,  27,  28,  29,  30,  31,  32,  33,  34,  35,  36,  37,  38,  39,  40,  41,  42,  43,  44,  45,  46,  47,  48,  49,  50,  51,  52,  53,  54,  55,  56,  33,  35,  37,  39,  41,  43,  45,  47,  49,  51,  53,  55,  57,  59,  61,  63,  65,  67,  69,  71,  73,  75,  77,  79,  70,  71,  73,  74,  76,  77,  79,  80,  82,  83,  85,  86,  88,  89,  91,  92,  94,  95,  97,  98

  0,   1,   1,   1,   1,   1,   1,   1,   1,   1,   1,   1,   1,   1,   1,   1,   1,   1,   1,   1,   1,   1,   1,   1,   1,   1,   1,   1,   1,   1,   1,   1,   1,   1,   1,   1,   1,   1,   1,   1,   1,   1,   1,   1,   1,   1,   1,   1,   1,   1,   1,   1,   1,   1,   1,   1,   1,   2,   2,   2,   2,   2,   2,   2,   2,   2,   2,   2,   2,   2,   2,   2,   2,   2,   2,   2,   2,   2,   2,   2,   3,   3,   3,   3,   3,   3,   3,   3,   3,   3,   3,   3,   3,   3,   3,   3,   3,   3,   3,   3,   3,   3
  1,   0,   1,   2,   3,   4,   5,   6,   7,   8,   9,  10,  11,  12,  13,  14,  15,  16,  17,  18,  19,  20,  21,  22,  23,  24,  25,  26,  27,  28,  29,  30,  31,  32,  33,  34,  35,  36,  37,  38,  39,  40,  41,  42,  43,  44,  45,  46,  47,  48,  49,  50,  51,  52,  53,  54,  55,  33,  35,  37,  39,  41,  43,  45,  47,  49,  51,  53,  55,  57,  59,  61,  63,  65,  67,  69,  71,  73,  75,  77,  67,  68,  70,  71,  73,  74,  76,  77,  79,  80,  82,  83,  85,  86,  88,  89,  91,  92,  94,  95,  97,  98

  0,   1,   1,   1,   1,   1,   1,   1,   1,   1,   1,   1,   1,   1,   1,   1,   1,   1,   1,   1,   1,   1,   1,   2,   2,   2,   2,   2,   2,   2,   2,   2,   2,   2,   3,   3,   3,   3,   3,   3,   3,   3,   3,   3,   3,   3,   3,   3,   4,   4,   4,   4,   4,   4,   4,   4,   4,   4,   5,   5,   5,   5,   5,   5,   5,   5,   5,   5,   5,   5,   5,   5,   6,   6,   6,   6,   6,   7,   7,   7,   7,   7,   7,   7,   7,   7,   7,   7,   7,   7,   8,   8,   8,   8,   8,   8,   9,   9,   9,   9,   9,   9
  1,   0,   1,   2,   3,   4,   5,   6,   7,   8,   9,  10,  11,  12,  13,  14,  15,  16,  17,  18,  19,  20,  21,  11,  13,  15,  17,  19,  21,  23,  25,  27,  29,  31,  22,  23,  25,  26,  28,  29,  31,  32,  34,  35,  37,  38,  40,  41,  33,  35,  37,  39,  41,  43,  45,  47,  49,  51,  44,  46,  47,  48,  49,  51,  52,  53,  54,  56,  57,  58,  59,  61,  59,  61,  65,  67,  71,  67,  68,  69,  71,  72,  73,  74,  75,  76,  78,  79,  80,  81,  79,  81,  83,  85,  87,  89,  91,  92,  94,  95,  97,  98

  0,   1,   1,   1,   1,   1,   1,   1,   1,   1,   1,   1,   1,   1,   1,   1,   1,   1,   1,   1,   1,   1,   1,   2,   2,   2,   2,   2,   2,   2,   2,   2,   2,   2,   3,   3,   3,   3,   3,   3,   3,   3,   3,   3,   3,   3,   3,   3,   4,   4,   4,   4,   4,   4,   4,   4,   4,   4,   5,   5,   5,   5,   5,   5,   5,   5,   5,   5,   5,   5,   5,   5,   6,   6,   6,   6,   6,   6,   7,   7,   7,   7,   7,   7,   7,   7,   7,   7,   7,   7,   8,   8,   8,   8,   8,   8,   9,   9,   9,   9,   9,   9
  1,   0,   1,   2,   3,   4,   5,   6,   7,   8,   9,  10,  11,  12,  13,  14,  15,  16,  17,  18,  19,  20,  21,  11,  13,  15,  17,  19,  21,  23,  25,  27,  29,  31,  22,  23,  25,  26,  28,  29,  31,  32,  34,  35,  37,  38,  40,  41,  33,  35,  37,  39,  41,  43,  45,  47,  49,  51,  44,  46,  47,  48,  49,  51,  52,  53,  54,  56,  57,  58,  59,  61,  55,  59,  61,  65,  67,  71,  67,  68,  69,  71,  72,  73,  74,  75,  76,  78,  79,  80,  79,  81,  83,  85,  87,  89,  91,  92,  94,  95,  97,  98

  0,   1,   1,   1,   1,   1,   1,   1,   1,   1,   1,   1,   1,   1,   1,   1,   1,   1,   1,   1,   1,   1,   1,   2,   2,   2,   2,   2,   2,   2,   2,   2,   2,   2,   3,   3,   3,   3,   3,   3,   3,   3,   3,   3,   3,   3,   3,   3,   4,   4,   4,   4,   4,   4,   4,   4,   4,   4,   5,   5,   5,   5,   5,   5,   5,   5,   5,   5,   5,   5,   5,   5,   6,   6,   6,   6,   6,   7,   7,   7,   7,   7,   7,   7,   7,   7,   7,   7,   7,   7,   8,   8,   8,   8,   8,   8,   9,   9,   9,   9,   9,   9
  1,   0,   1,   2,   3,   4,   5,   6,   7,   8,   9,  10,  11,  12,  13,  14,  15,  16,  17,  18,  19,  20,  21,  11,  13,  15,  17,  19,  21,  23,  25,  27,  29,  31,  22,  23,  25,  26,  28,  29,  31,  32,  34,  35,  37,  38,  40,  41,  33,  35,  37,  39,  41,  43,  45,  47,  49,  51,  44,  46,  47,  48,  49,  51,  52,  53,  54,  56,  57,  58,  59,  61,  55,  59,  61,  65,  67,  66,  67,  68,  69,  71,  72,  73,  74,  75,  76,  78,  79,  80,  79,  81,  83,  85,  87,  89,  91,  92,  94,  95,  97,  98

  0,   1,   1,   1,   1,   1,   1,   1,   1,   1,   1,   1,   2,   2,   2,   2,   2,   3,   3,   3,   3,   3,   3,   3,   4,   4,   4,   4,   4,   4,   5,   5,   5,   5,   5,   5,   5,   5,   5,   6,   6,   6,   6,   7,   7,   7,   7,   7,   7,   7,   7,   7,   8,   8,   8,   8,   8,   9,   9,   9,   9,   9,   9,  10,  10,  10,  10,  11,  11,  11,  11,  11,  11,  11,  11,  11,  12,  12,  12,  13,  13,  13,  13,  13,  13,  13,  13,  14,  14,  14,  15,  15,  15,  16,  16,  16,  17,  17,  17,  17,  18,  18
  1,   0,   1,   2,   3,   4,   5,   6,   7,   8,   9,  10,   7,   9,  11,  13,  15,  11,  13,  14,  16,  17,  19,  20,  17,  19,  21,  23,  25,  27,  22,  23,  24,  26,  27,  28,  29,  31,  32,  29,  31,  35,  37,  33,  34,  36,  37,  38,  39,  40,  41,  43,  39,  41,  43,  45,  47,  44,  46,  47,  50,  52,  53,  51,  53,  57,  59,  56,  57,  58,  59,  60,  61,  62,  63,  64,  61,  65,  67,  67,  68,  69,  70,  71,  72,  73,  74,  73,  75,  79,  79,  82,  83,  85,  87,  89,  91,  92,  93,  94,  97,  98

  0,   1,   1,   1,   1,   1,   1,   1,   1,   2,   2,   2,   3,   3,   3,   3,   3,   4,   4,   4,   4,   5,   5,   5,   5,   5,   6,   6,   6,   7,   7,   7,   7,   7,   7,   8,   8,   8,   9,   9,   9,   9,  10,  10,  10,  11,  11,  11,  11,  11,  11,  11,  12,  12,  13,  13,  13,  13,  13,  13,  13,  14,  14,  15,  15,  15,  16,  16,  16,  17,  17,  17,  17,  17,  17,  18,  18,  19,  19,  19,  19,  19,  19,  20,  20,  21,  21,  22,  22,  23,  23,  23,  23,  23,  24,  25,  25,  25,  26,  26,  27,  27
  1,   0,   1,   2,   3,   4,   5,   6,   7,   5,   7,   9,   8,  10,  11,  13,  14,  11,  13,  15,  17,  16,  17,  18,  19,  21,  19,  23,  25,  22,  23,  24,  25,  26,  27,  27,  29,  31,  31,  32,  34,  35,  33,  37,  39,  37,  38,  39,  40,  41,  42,  43,  41,  43,  44,  45,  46,  47,  48,  49,  50,  51,  53,  52,  53,  56,  55,  57,  59,  59,  60,  61,  62,  63,  64,  65,  67,  66,  67,  68,  69,  70,  71,  71,  73,  74,  76,  79,  81,  81,  82,  83,  84,  85,  85,  89,  91,  92,  93,  95,  97,  98

