  0,   1,   1,   1,   1,   1,   1,   1,   1,   1,   1,   1,   1,   1,   1,   1,   1,   1,   1,   1,   1,   1,   1,   1,   1,   1,   1,   1,   1,   1,   1,   1,   1,   1,   1,   1,   1,   1,   1,   1,   1,   1,   1,   1,   1,   1,   1,   1,   1,   1,   1,   1,   1,   1,   1,   1,   1,   1,   1,   1,   1,   1,   1,   1,   1,   1,   1,   1,   1,   1,   1,   1,   1,   1,   1,   1,   1,   1,   1,   1,   1,   1,   1,   1,   1,   1,   1,   1,   1,   1,   1,   1,   1,   1,   1,   1,   1,   1,   1,   1,   1,   1,   1,   1,   1,   1,   1,   1,   1,   2
  1,   0,   1,   2,   3,   4,   5,   6,   7,   8,   9,  10,  11,  12,  13,  14,  15,  16,  17,  18,  19,  20,  21,  22,  23,  24,  25,  26,  27,  28,  29,  30,  31,  32,  33,  34,  35,  36,  37,  38,  39,  40,  41,  42,  43,  44,  45,  46,  47,  48,  49,  50,  51,  52,  53,  54,  55,  56,  57,  58,  59,  60,  61,  62,  63,  64,  65,  66,  67,  68,  69,  70,  71,  72,  73,  74,  75,  76,  77,  78,  79,  80,  81,  82,  83,  84,  85,  86,  87,  88,  89,  90,  91,  92,  93,  94,  95,  96,  97,  98,  99, 100, 101, 102, 103, 104, 105, 106, 107, 107

  0,   1,   1,   1,   1,   1,   1,   1,   1,   1,   1,   1,   1,   1,   1,   1,   1,   1,   1,   1,   1,   1,   1,   1,   1,   1,   1,   1,   1,   1,   1,   1,   1,   1,   1,   1,   1,   1,   1,   1,   1,   1,   1,   1,   1,   1,   1,   1,   1,   1,   1,   1,   1,   1,   1,   1,   1,   1,   1,   1,   1,   1,   1,   1,   1,   1,   1,   1,   1,   1,   1,   1,   1,   1,   1,   1,   1,   1,   1,   1,   1,   1,   1,   1,   1,   1,   1,   1,   1,   1,   1,   1,   1,   1,   1,   1,   1,   1,   1,   1,   1,   1,   1,   1,   1,   1,   1,   1,   1,   2
  1,   0,   1,   2,   3,   4,   5,   6,   7,   8,   9,  10,  11,  12,  13,  14,  15,  16,  17,  18,  19,  20,  21,  22,  23,  24,  25,  26,  27,  28,  29,  30,  31,  32,  33,  34,  35,  36,  37,  38,  39,  40,  41,  42,  43,  44,  45,  46,  47,  48,  49,  50,  51,  52,  53,  54,  55,  56,  57,  58,  59,  60,  61,  62,  63,  64,  65,  66,  67,  68,  69,  70,  71,  72,  73,  74,  75,  76,  77,  78,  79,  80,  81,  82,  83,  84,  85,  86,  87,  88,  89,  90,  91,  92,  93,  94,  95,  96,  97,  98,  99, 100, 101, 102, 103, 104, 105, 106, 107, 107

  0,   1,   1,   1,   1,   1,   1,   1,   1,   1,   1,   1,   1,   1,   1,   1,   1,   1,   1,   1,   1,   1,   1,   1,   1,   1,   1,   1,   1,   1,   1,   1,   1,   1,   1,   1,   1,   1,   1,   1,   1,   1,   1,   1,   1,   1,   1,   1,   1,   1,   1,   1,   1,   1,   1,   1,   1,   1,   1,   1,   1,   1,   1,   1,   1,   1,   1,   1,   1,   1,   1,   1,   1,   1,   1,   1,   1,   1,   1,   1,   1,   1,   1,   1,   1,   1,   1,   1,   1,   1,   1,   1,   1,   1,   1,   1,   1,   1,   1,   1,   1,   1,   1,   1,   1,   1,   1,   1,   2,   2
  1,   0,   1,   2,   3,   4,   5,   6,   7,   8,   9,  10,  11,  12,  13,  14,  15,  16,  17,  18,  19,  20,  21,  22,  23,  24,  25,  26,  27,  28,  29,  30,  31,  32,  33,  34,  35,  36,  37,  38,  39,  40,  41,  42,  43,  44,  45,  46,  47,  48,  49,  50,  51,  52,  53,  54,  55,  56,  57,  58,  59,  60,  61,  62,  63,  64,  65,  66,  67,  68,  69,  70,  71,  72,  73,  74,  75,  76,  77,  78,  79,  80,  81,  82,  83,  84,  85,  86,  87,  88,  89,  90,  91,  92,  93,  94,  95,  96,  97,  98,  99, 100, 101, 102, 103, 104, 105, 106, 105, 107

  0,   1,   1,   1,   1,   1,   1,   1,   1,   1,   1,   1,   1,   1,   1,   1,   1,   1,   1,   1,   1,   1,   1,   1,   1,   1,   1,   1,   1,   1,   1,   1,   1,   1,   1,   1,   1,   1,   1,   1,   1,   1,   1,   1,   1,   1,   1,   1,   1,   1,   1,   1,   1,   1,   1,   1,   1,   1,   1,   1,   1,   1,   1,   1,   1,   1,   1,   1,   1,   1,   1,   1,   1,   1,   1,   1,   1,   1,   1,   1,   1,   1,   1,   1,   1,   1,   1,   1,   1,   1,   1,   1,   1,   1,   1,   1,   1,   1,   1,   1,   1,   1,   1,   1,   1,   1,   1,   2,   2,   2
  1,   0,   1,   2,   3,   4,   5,   6,   7,   8,   9,  10,  11,  12,  13,  14,  15,  16,  17,  18,  19,  20,  21,  22,  23,  24,  25,  26,  27,  28,  29,  30,  31,  32,  33,  34,  35,  36,  37,  38,  39,  40,  41,  42,  43,  44,  45,  46,  47,  48,  49,  50,  51,  52,  53,  54,  55,  56,  57,  58,  59,  60,  61,  62,  63,  64,  65,  66,  67,  68,  69,  70,  71,  72,  73,  74,  75,  76,  77,  78,  79,  80,  81,  82,  83,  84,  85,  86,  87,  88,  89,  90,  91,  92,  93,  94,  95,  96,  97,  98,  99, 100, 101, 102, 103, 104, 105, 103, 105, 107

  0,   1,   1,   1,   1,   1,   1,   1,   1,   1,   1,   1,   1,   1,   1,   1,   1,   1,   1,   1,   1,   1,   1,   1,   1,   1,   1,   1,   1,   1,   1,   1,   1,   1,   1,   1,   1,   1,   1,   1,   1,   1,   1,   1,   1,   1,   1,   1,   1,   1,   1,   1,   1,   1,   1,   1,   1,   1,   1,   1,   1,   1,   1,   1,   1,   1,   1,   1,   1,   1,   1,   1,   1,   1,   1,   1,   1,   1,   1,   1,   1,   1,   1,   1,   1,   1,   1,   1,   1,   1,   1,   1,   1,   1,   1,   1,   1,   1,   1,   1,   1,   1,   1,   1,   1,   1,   2,   2,   2,   2
  1,   0,   1,   2,   3,   4,   5,   6,   7,   8,   9,  10,  11,  12,  13,  14,  15,  16,  17,  18,  19,  20,  21,  22,  23,  24,  25,  26,  27,  28,  29,  30,  31,  32,  33,  34,  35,  36,  37,  38,  39,  40,  41,  42,  43,  44,  45,  46,  47,  48,  49,  50,  51,  52,  53,  54,  55,  56,  57,  58,  59,  60,  61,  62,  63,  64,  65,  66,  67,  68,  69,  70,  71,  72,  73,  74,  75,  76,  77,  78,  79,  80,  81,  82,  83,  84,  85,  86,  87,  88,  89,  90,  91,  92,  93,  94,  95,  96,  97,  98,  99, 100, 101, 102, 103, 104, 101, 103, 105, 107

  0,   1,   1,   1,   1,   1,   1,   1,   1,   1,   1,   1,   1,   1,   1,   1,   1,   1,   1,   1,   1,   1,   1,   1,   1,   1,   1,   1,   1,   1,   1,   1,   1,   1,   1,   1,   1,   1,   1,   1,   1,   1,   1,   1,   1,   1,   1,   1,   1,   1,   1,   1,   1,   1,   1,   1,   1,   1,   1,   1,   1,   1,   1,   1,   1,   1,   1,   1,   1,   1,   1,   1,   1,   1,   1,   1,   1,   1,   1,   1,   1,   1,   1,   1,   1,   1,   1,   1,   1,   1,   1,   1,   1,   1,   1,   1,   1,   1,   1,   1,   1,   1,   1,   1,   1,   2,   2,   2,   2,   2
  1,   0,   1,   2,   3,   4,   5,   6,   7,   8,   9,  10,  11,  12,  13,  14,  15,  16,  17,  18,  19,  20,  21,  22,  23,  24,  25,  26,  27,  28,  29,  30,  31,  32,  33,  34,  35,  36,  37,  38,  39,  40,  41,  42,  43,  44,  45,  46,  47,  48,  49,  50,  51,  52,  53,  54,  55,  56,  57,  58,  59,  60,  61,  62,  63,  64,  65,  66,  67,  68,  69,  70,  71,  72,  73,  74,  75,  76,  77,  78,  79,  80,  81,  82,  83,  84,  85,  86,  87,  88,  89,  90,  91,  92,  93,  94,  95,  96,  97,  98,  99, 100, 101, 102, 103,  99, 101, 103, 105, 107

  0,   1,   1,   1,   1,   1,   1,   1,   1,   1,   1,   1,   1,   1,   1,   1,   1,   1,   1,   1,   1,   1,   1,   1,   1,   1,   1,   1,   1,   1,   1,   1,   1,   1,   1,   1,   1,   1,   1,   1,   1,   1,   1,   1,   1,   1,   1,   1,   1,   1,   1,   1,   1,   1,   1,   1,   1,   1,   1,   1,   1,   1,   1,   1,   1,   1,   1,   1,   1,   1,   1,   1,   1,   1,   1,   1,   1,   1,   1,   1,   1,   1,   1,   1,   1,   1,   1,   1,   1,   1,   1,   1,   1,   1,   1,   1,   1,   1,   1,   1,   1,   1,   1,   1,   2,   2,   2,   2,   2,   2
  1,   0,   1,   2,   3,   4,   5,   6,   7,   8,   9,  10,  11,  12,  13,  14,  15,  16,  17,  18,  19,  20,  21,  22,  23,  24,  25,  26,  27,  28,  29,  30,  31,  32,  33,  34,  35,  36,  37,  38,  39,  40,  41,  42,  43,  44,  45,  46,  47,  48,  49,  50,  51,  52,  53,  54,  55,  56,  57,  58,  59,  60,  61,  62,  63,  64,  65,  66,  67,  68,  69,  70,  71,  72,  73,  74,  75,  76,  77,  78,  79,  80,  81,  82,  83,  84,  85,  86,  87,  88,  89,  90,  91,  92,  93,  94,  95,  96,  97,  98,  99, 100, 101, 102,  97,  99, 101, 103, 105, 107

  0,   1,   1,   1,   1,   1,   1,   1,   1,   1,   1,   1,   1,   1,   1,   1,   1,   1,   1,   1,   1,   1,   1,   1,   1,   1,   1,   1,   1,   1,   1,   1,   1,   1,   1,   1,   1,   1,   1,   1,   1,   1,   1,   1,   1,   1,   1,   1,   1,   1,   1,   1,   1,   1,   1,   1,   1,   1,   1,   1,   1,   1,   1,   1,   1,   1,   1,   1,   1,   1,   1,   1,   1,   1,   1,   1,   1,   1,   1,   1,   1,   1,   1,   1,   1,   1,   1,   1,   1,   1,   1,   1,   1,   1,   1,   1,   1,   1,   1,   1,   1,   1,   1,   2,   2,   2,   2,   2,   2,   2
  1,   0,   1,   2,   3,   4,   5,   6,   7,   8,   9,  10,  11,  12,  13,  14,  15,  16,  17,  18,  19,  20,  21,  22,  23,  24,  25,  26,  27,  28,  29,  30,  31,  32,  33,  34,  35,  36,  37,  38,  39,  40,  41,  42,  43,  44,  45,  46,  47,  48,  49,  50,  51,  52,  53,  54,  55,  56,  57,  58,  59,  60,  61,  62,  63,  64,  65,  66,  67,  68,  69,  70,  71,  72,  73,  74,  75,  76,  77,  78,  79,  80,  81,  82,  83,  84,  85,  86,  87,  88,  89,  90,  91,  92,  93,  94,  95,  96,  97,  98,  99, 100, 101,  95,  97,  99, 101, 103, 105, 107

  0,   1,   1,   1,   1,   1,   1,   1,   1,   1,   1,   1,   1,   1,   1,   1,   1,   1,   1,   1,   1,   1,   1,   1,   1,   1,   1,   1,   1,   1,   1,   1,   1,   1,   1,   1,   1,   1,   1,   1,   1,   1,   1,   1,   1,   1,   1,   1,   1,   1,   1,   1,   1,   1,   1,   1,   1,   1,   1,   1,   1,   1,   1,   1,   1,   1,   1,   1,   1,   1,   1,   1,   1,   1,   1,   1,   1,   1,   1,   1,   1,   1,   1,   1,   1,   1,   1,   1,   1,   1,   1,   1,   1,   1,   1,   1,   1,   1,   1,   1,   1,   1,   2,   2,   2,   2,   2,   2,   2,   2
  1,   0,   1,   2,   3,   4,   5,   6,   7,   8,   9,  10,  11,  12,  13,  14,  15,  16,  17,  18,  19,  20,  21,  22,  23,  24,  25,  26,  27,  28,  29,  30,  31,  32,  33,  34,  35,  36,  37,  38,  39,  40,  41,  42,  43,  44,  45,  46,  47,  48,  49,  50,  51,  52,  53,  54,  55,  56,  57,  58,  59,  60,  61,  62,  63,  64,  65,  66,  67,  68,  69,  70,  71,  72,  73,  74,  75,  76,  77,  78,  79,  80,  81,  82,  83,  84,  85,  86,  87,  88,  89,  90,  91,  92,  93,  94,  95,  96,  97,  98,  99, 100,  93,  95,  97,  99, 101, 103, 105, 107

  0,   1,   1,   1,   1,   1,   1,   1,   1,   1,   1,   1,   1,   1,   1,   1,   1,   1,   1,   1,   1,   1,   1,   1,   1,   1,   1,   1,   1,   1,   1,   1,   1,   1,   1,   1,   1,   1,   1,   1,   1,   1,   1,   1,   1,   1,   1,   1,   1,   1,   1,   1,   1,   1,   1,   1,   1,   1,   1,   1,   1,   1,   1,   1,   1,   1,   1,   1,   1,   1,   1,   1,   1,   1,   1,   1,   1,   1,   1,   1,   1,   1,   1,   1,   1,   1,   1,   1,   1,   1,   1,   1,   1,   1,   1,   1,   1,   1,   1,   1,   1,   2,   2,   2,   2,   2,   2,   2,   2,   2
  1,   0,   1,   2,   3,   4,   5,   6,   7,   8,   9,  10,  11,  12,  13,  14,  15,  16,  17,  18,  19,  20,  21,  22,  23,  24,  25,  26,  27,  28,  29,  30,  31,  32,  33,  34,  35,  36,  37,  38,  39,  40,  41,  42,  43,  44,  45,  46,  47,  48,  49,  50,  51,  52,  53,  54,  55,  56,  57,  58,  59,  60,  61,  62,  63,  64,  65,  66,  67,  68,  69,  70,  71,  72,  73,  74,  75,  76,  77,  78,  79,  80,  81,  82,  83,  84,  85,  86,  87,  88,  89,  90,  91,  92,  93,  94,  95,  96,  97,  98,  99,  91,  93,  95,  97,  99, 101, 103, 105, 107

  0,   1,   1,   1,   1,   1,   1,   1,   1,   1,   1,   1,   1,   1,   1,   1,   1,   1,   1,   1,   1,   1,   1,   1,   1,   1,   1,   1,   1,   1,   1,   1,   1,   1,   1,   1,   1,   1,   1,   1,   1,   1,   1,   1,   1,   1,   1,   1,   1,   1,   1,   1,   1,   1,   1,   1,   1,   1,   1,   1,   1,   1,   1,   1,   1,   1,   1,   1,   1,   1,   1,   1,   1,   1,   1,   1,   1,   1,   1,   1,   1,   1,   1,   1,   1,   1,   1,   1,   1,   1,   1,   1,   1,   1,   1,   1,   1,   1,   1,   1,   2,   2,   2,   2,   2,   2,   2,   2,   2,   2
  1,   0,   1,   2,   3,   4,   5,   6,   7,   8,   9,  10,  11,  12,  13,  14,  15,  16,  17,  18,  19,  20,  21,  22,  23,  24,  25,  26,  27,  28,  29,  30,  31,  32,  33,  34,  35,  36,  37,  38,  39,  40,  41,  42,  43,  44,  45,  46,  47,  48,  49,  50,  51,  52,  53,  54,  55,  56,  57,  58,  59,  60,  61,  62,  63,  64,  65,  66,  67,  68,  69,  70,  71,  72,  73,  74,  75,  76,  77,  78,  79,  80,  81,  82,  83,  84,  85,  86,  87,  88,  89,  90,  91,  92,  93,  94,  95,  96,  97,  98,  89,  91,  93,  95,  97,  99, 101, 103, 105, 107

  0,   1,   1,   1,   1,   1,   1,   1,   1,   1,   1,   1,   1,   1,   1,   1,   1,   1,   1,   1,   1,   1,   1,   1,   1,   1,   1,   1,   1,   1,   1,   1,   1,   1,   1,   1,   1,   1,   1,   1,   1,   1,   1,   1,   1,   1,   1,   1,   1,   1,   1,   1,   1,   1,   1,   1,   1,   1,   1,   1,   1,   1,   1,   1,   1,   1,   1,   1,   1,   1,   1,   1,   1,   1,   1,   1,   1,   1,   1,   1,   1,   1,   1,   1,   1,   1,   1,   1,   1,   1,   1,   1,   1,   1,   1,   1,   1,   1,   1,   2,   2,   2,   2,   2,   2,   2,   2,   2,   2,   2
  1,   0,   1,   2,   3,   4,   5,   6,   7,   8,   9,  10,  11,  12,  13,  14,  15,  16,  17,  18,  19,  20,  21,  22,  23,  24,  25,  26,  27,  28,  29,  30,  31,  32,  33,  34,  35,  36,  37,  38,  39,  40,  41,  42,  43,  44,  45,  46,  47,  48,  49,  50,  51,  52,  53,  54,  55,  56,  57,  58,  59,  60,  61,  62,  63,  64,  65,  66,  67,  68,  69,  70,  71,  72,  73,  74,  75,  76,  77,  78,  79,  80,  81,  82,  83,  84,  85,  86,  87,  88,  89,  90,  91,  92,  93,  94,  95,  96,  97,  87,  89,  91,  93,  95,  97,  99, 101, 103, 105, 107

  0,   1,   1,   1,   1,   1,   1,   1,   1,   1,   1,   1,   1,   1,   1,   1,   1,   1,   1,   1,   1,   1,   1,   1,   1,   1,   1,   1,   1,   1,   1,   1,   1,   1,   1,   1,   1,   1,   1,   1,   1,   1,   1,   1,   1,   1,   1,   1,   1,   1,   1,   1,   1,   1,   1,   1,   1,   1,   1,   1,   1,   1,   1,   1,   1,   1,   1,   1,   1,   1,   1,   1,   1,   1,   1,   1,   1,   1,   1,   1,   1,   1,   1,   1,   1,   1,   1,   1,   1,   1,   1,   1,   1,   1,   1,   1,   1,   1,   2,   2,   2,   2,   2,   2,   2,   2,   2,   2,   2,   2
  1,   0,   1,   2,   3,   4,   5,   6,   7,   8,   9,  10,  11,  12,  13,  14,  15,  16,  17,  18,  19,  20,  21,  22,  23,  24,  25,  26,  27,  28,  29,  30,  31,  32,  33,  34,  35,  36,  37,  38,  39,  40,  41,  42,  43,  44,  45,  46,  47,  48,  49,  50,  51,  52,  53,  54,  55,  56,  57,  58,  59,  60,  61,  62,  63,  64,  65,  66,  67,  68,  69,  70,  71,  72,  73,  74,  75,  76,  77,  78,  79,  80,  81,  82,  83,  84,  85,  86,  87,  88,  89,  90,  91,  92,  93,  94,  95,  96,  85,  87,  89,  91,  93,  95,  97,  99, 101, 103, 105, 107

  0,   1,   1,   1,   1,   1,   1,   1,   1,   1,   1,   1,   1,   1,   1,   1,   1,   1,   1,   1,   1,   1,   1,   1,   1,   1,   1,   1,   1,   1,   1,   1,   1,   1,   1,   1,   1,   1,   1,   1,   1,   1,   1,   1,   1,   1,   1,   1,   1,   1,   1,   1,   1,   1,   1,   1,   1,   1,   1,   1,   1,   1,   1,   1,   1,   1,   1,   1,   1,   1,   1,   1,   1,   1,   1,   1,   1,   1,   1,   1,   1,   1,   1,   1,   1,   1,   1,   1,   1,   1,   1,   1,   1,   1,   1,   1,   1,   2,   2,   2,   2,   2,   2,   2,   2,   2,   2,   2,   2,   2
  1,   0,   1,   2,   3,   4,   5,   6,   7,   8,   9,  10,  11,  12,  13,  14,  15,  16,  17,  18,  19,  20,  21,  22,  23,  24,  25,  26,  27,  28,  29,  30,  31,  32,  33,  34,  35,  36,  37,  38,  39,  40,  41,  42,  43,  44,  45,  46,  47,  48,  49,  50,  51,  52,  53,  54,  55,  56,  57,  58,  59,  60,  61,  62,  63,  64,  65,  66,  67,  68,  69,  70,  71,  72,  73,  74,  75,  76,  77,  78,  79,  80,  81,  82,  83,  84,  85,  86,  87,  88,  89,  90,  91,  92,  93,  94,  95,  83,  85,  87,  89,  91,  93,  95,  97,  99, 101, 103, 105, 107

  0,   1,   1,   1,   1,   1,   1,   1,   1,   1,   1,   1,   1,   1,   1,   1,   1,   1,   1,   1,   1,   1,   1,   1,   1,   1,   1,   1,   1,   1,   1,   1,   1,   1,   1,   1,   1,   1,   1,   1,   1,   1,   1,   1,   1,   1,   1,   1,   1,   1,   1,   1,   1,   1,   1,   1,   1,   1,   1,   1,   1,   1,   1,   1,   1,   1,   1,   1,   1,   1,   1,   1,   1,   1,   1,   1,   1,   1,   1,   1,   1,   1,   1,   1,   1,   1,   1,   1,   1,   1,   1,   1,   1,   1,   1,   1,   2,   2,   2,   2,   2,   2,   2,   2,   2,   2,   2,   2,   2,   2
  1,   0,   1,   2,   3,   4,   5,   6,   7,   8,   9,  10,  11,  12,  13,  14,  15,  16,  17,  18,  19,  20,  21,  22,  23,  24,  25,  26,  27,  28,  29,  30,  31,  32,  33,  34,  35,  36,  37,  38,  39,  40,  41,  42,  43,  44,  45,  46,  47,  48,  49,  50,  51,  52,  53,  54,  55,  56,  57,  58,  59,  60,  61,  62,  63,  64,  65,  66,  67,  68,  69,  70,  71,  72,  73,  74,  75,  76,  77,  78,  79,  80,  81,  82,  83,  84,  85,  86,  87,  88,  89,  90,  91,  92,  93,  94,  81,  83,  85,  87,  89,  91,  93,  95,  97,  99, 101, 103, 105, 107

  0,   1,   1,   1,   1,   1,   1,   1,   1,   1,   1,   1,   1,   1,   1,   1,   1,   1,   1,   1,   1,   1,   1,   1,   1,   1,   1,   1,   1,   1,   1,   1,   1,   1,   1,   1,   1,   1,   1,   1,   1,   1,   1,   1,   1,   1,   1,   1,   1,   1,   1,   1,   1,   1,   1,   1,   1,   1,   1,   1,   1,   1,   1,   1,   1,   1,   1,   1,   1,   1,   1,   1,   1,   1,   1,   1,   1,   1,   1,   1,   1,   1,   1,   1,   1,   1,   1,   1,   1,   1,   1,   1,   1,   1,   1,   2,   2,   2,   2,   2,   2,   2,   2,   2,   2,   2,   2,   2,   2,   2
  1,   0,   1,   2,   3,   4,   5,   6,   7,   8,   9,  10,  11,  12,  13,  14,  15,  16,  17,  18,  19,  20,  21,  22,  23,  24,  25,  26,  27,  28,  29,  30,  31,  32,  33,  34,  35,  36,  37,  38,  39,  40,  41,  42,  43,  44,  45,  46,  47,  48,  49,  50,  51,  52,  53,  54,  55,  56,  57,  58,  59,  60,  61,  62,  63,  64,  65,  66,  67,  68,  69,  70,  71,  72,  73,  74,  75,  76,  77,  78,  79,  80,  81,  82,  83,  84,  85,  86,  87,  88,  89,  90,  91,  92,  93,  79,  81,  83,  85,  87,  89,  91,  93,  95,  97,  99, 101, 103, 105, 107

  0,   1,   1,   1,   1,   1,   1,   1,   1,   1,   1,   1,   1,   1,   1,   1,   1,   1,   1,   1,   1,   1,   1,   1,   1,   1,   1,   1,   1,   1,   1,   1,   1,   1,   1,   1,   1,   1,   1,   1,   1,   1,   1,   1,   1,   1,   1,   1,   1,   1,   1,   1,   1,   1,   1,   1,   1,   1,   1,   1,   1,   1,   1,   1,   1,   1,   1,   1,   1,   1,   1,   1,   1,   1,   1,   1,   1,   1,   1,   1,   1,   1,   1,   1,   1,   1,   1,   1,   1,   1,   1,   1,   1,   1,   2,   2,   2,   2,   2,   2,   2,   2,   2,   2,   2,   2,   2,   2,   2,   2
  1,   0,   1,   2,   3,   4,   5,   6,   7,   8,   9,  10,  11,  12,  13,  14,  15,  16,  17,  18,  19,  20,  21,  22,  23,  24,  25,  26,  27,  28,  29,  30,  31,  32,  33,  34,  35,  36,  37,  38,  39,  40,  41,  42,  43,  44,  45,  46,  47,  48,  49,  50,  51,  52,  53,  54,  55,  56,  57,  58,  59,  60,  61,  62,  63,  64,  65,  66,  67,  68,  69,  70,  71,  72,  73,  74,  75,  76,  77,  78,  79,  80,  81,  82,  83,  84,  85,  86,  87,  88,  89,  90,  91,  92,  77,  79,  81,  83,  85,  87,  89,  91,  93,  95,  97,  99, 101, 103, 105, 107

  0,   1,   1,   1,   1,   1,   1,   1,   1,   1,   1,   1,   1,   1,   1,   1,   1,   1,   1,   1,   1,   1,   1,   1,   1,   1,   1,   1,   1,   1,   1,   1,   1,   1,   1,   1,   1,   1,   1,   1,   1,   1,   1,   1,   1,   1,   1,   1,   1,   1,   1,   1,   1,   1,   1,   1,   1,   1,   1,   1,   1,   1,   1,   1,   1,   1,   1,   1,   1,   1,   1,   1,   1,   1,   1,   1,   1,   1,   1,   1,   1,   1,   1,   1,   1,   1,   1,   1,   1,   1,   1,   1,   1,   2,   2,   2,   2,   2,   2,   2,   2,   2,   2,   2,   2,   2,   2,   2,   2,   2
  1,   0,   1,   2,   3,   4,   5,   6,   7,   8,   9,  10,  11,  12,  13,  14,  15,  16,  17,  18,  19,  20,  21,  22,  23,  24,  25,  26,  27,  28,  29,  30,  31,  32,  33,  34,  35,  36,  37,  38,  39,  40,  41,  42,  43,  44,  45,  46,  47,  48,  49,  50,  51,  52,  53,  54,  55,  56,  57,  58,  59,  60,  61,  62,  63,  64,  65,  66,  67,  68,  69,  70,  71,  72,  73,  74,  75,  76,  77,  78,  79,  80,  81,  82,  83,  84,  85,  86,  87,  88,  89,  90,  91,  75,  77,  79,  81,  83,  85,  87,  89,  91,  93,  95,  97,  99, 101, 103, 105, 107

  0,   1,   1,   1,   1,   1,   1,   1,   1,   1,   1,   1,   1,   1,   1,   1,   1,   1,   1,   1,   1,   1,   1,   1,   1,   1,   1,   1,   1,   1,   1,   1,   1,   1,   1,   1,   1,   1,   1,   1,   1,   1,   1,   1,   1,   1,   1,   1,   1,   1,   1,   1,   1,   1,   1,   1,   1,   1,   1,   1,   1,   1,   1,   1,   1,   1,   1,   1,   1,   1,   1,   1,   1,   1,   1,   1,   1,   1,   1,   1,   1,   1,   1,   1,   1,   1,   1,   1,   1,   1,   1,   1,   2,   2,   2,   2,   2,   2,   2,   2,   2,   2,   2,   2,   2,   2,   2,   2,   2,   2
  1,   0,   1,   2,   3,   4,   5,   6,   7,   8,   9,  10,  11,  12,  13,  14,  15,  16,  17,  18,  19,  20,  21,  22,  23,  24,  25,  26,  27,  28,  29,  30,  31,  32,  33,  34,  35,  36,  37,  38,  39,  40,  41,  42,  43,  44,  45,  46,  47,  48,  49,  50,  51,  52,  53,  54,  55,  56,  57,  58,  59,  60,  61,  62,  63,  64,  65,  66,  67,  68,  69,  70,  71,  72,  73,  74,  75,  76,  77,  78,  79,  80,  81,  82,  83,  84,  85,  86,  87,  88,  89,  90,  73,  75,  77,  79,  81,  83,  85,  87,  89,  91,  93,  95,  97,  99, 101, 103, 105, 107

  0,   1,   1,   1,   1,   1,   1,   1,   1,   1,   1,   1,   1,   1,   1,   1,   1,   1,   1,   1,   1,   1,   1,   1,   1,   1,   1,   1,   1,   1,   1,   1,   1,   1,   1,   1,   1,   1,   1,   1,   1,   1,   1,   1,   1,   1,   1,   1,   1,   1,   1,   1,   1,   1,   1,   1,   1,   1,   1,   1,   1,   1,   1,   1,   1,   1,   1,   1,   1,   1,   1,   1,   1,   1,   1,   1,   1,   1,   1,   1,   1,   1,   1,   1,   1,   1,   1,   1,   1,   1,   1,   2,   2,   2,   2,   2,   2,   2,   2,   2,   2,   2,   2,   2,   2,   2,   2,   2,   2,   2
  1,   0,   1,   2,   3,   4,   5,   6,   7,   8,   9,  10,  11,  12,  13,  14,  15,  16,  17,  18,  19,  20,  21,  22,  23,  24,  25,  26,  27,  28,  29,  30,  31,  32,  33,  34,  35,  36,  37,  38,  39,  40,  41,  42,  43,  44,  45,  46,  47,  48,  49,  50,  51,  52,  53,  54,  55,  56,  57,  58,  59,  60,  61,  62,  63,  64,  65,  66,  67,  68,  69,  70,  71,  72,  73,  74,  75,  76,  77,  78,  79,  80,  81,  82,  83,  84,  85,  86,  87,  88,  89,  71,  73,  75,  77,  79,  81,  83,  85,  87,  89,  91,  93,  95,  97,  99, 101, 103, 105, 107

  0,   1,   1,   1,   1,   1,   1,   1,   1,   1,   1,   1,   1,   1,   1,   1,   1,   1,   1,   1,   1,   1,   1,   1,   1,   1,   1,   1,   1,   1,   1,   1,   1,   1,   1,   1,   1,   1,   1,   1,   1,   1,   1,   1,   1,   1,   1,   1,   1,   1,   1,   1,   1,   1,   1,   1,   1,   1,   1,   1,   1,   1,   1,   1,   1,   1,   1,   1,   1,   1,   1,   1,   1,   1,   1,   1,   1,   1,   1,   1,   1,   1,   1,   1,   1,   1,   1,   1,   1,   1,   2,   2,   2,   2,   2,   2,   2,   2,   2,   2,   2,   2,   2,   2,   2,   2,   2,   2,   2,   2
  1,   0,   1,   2,   3,   4,   5,   6,   7,   8,   9,  10,  11,  12,  13,  14,  15,  16,  17,  18,  19,  20,  21,  22,  23,  24,  25,  26,  27,  28,  29,  30,  31,  32,  33,  34,  35,  36,  37,  38,  39,  40,  41,  42,  43,  44,  45,  46,  47,  48,  49,  50,  51,  52,  53,  54,  55,  56,  57,  58,  59,  60,  61,  62,  63,  64,  65,  66,  67,  68,  69,  70,  71,  72,  73,  74,  75,  76,  77,  78,  79,  80,  81,  82,  83,  84,  85,  86,  87,  88,  69,  71,  73,  75,  77,  79,  81,  83,  85,  87,  89,  91,  93,  95,  97,  99, 101, 103, 105, 107

  0,   1,   1,   1,   1,   1,   1,   1,   1,   1,   1,   1,   1,   1,   1,   1,   1,   1,   1,   1,   1,   1,   1,   1,   1,   1,   1,   1,   1,   1,   1,   1,   1,   1,   1,   1,   1,   1,   1,   1,   1,   1,   1,   1,   1,   1,   1,   1,   1,   1,   1,   1,   1,   1,   1,   1,   1,   1,   1,   1,   1,   1,   1,   1,   1,   1,   1,   1,   1,   1,   1,   1,   1,   1,   1,   1,   1,   1,   1,   1,   1,   1,   1,   1,   1,   1,   1,   1,   1,   2,   2,   2,   2,   2,   2,   2,   2,   2,   2,   2,   2,   2,   2,   2,   2,   2,   2,   2,   2,   2
  1,   0,   1,   2,   3,   4,   5,   6,   7,   8,   9,  10,  11,  12,  13,  14,  15,  16,  17,  18,  19,  20,  21,  22,  23,  24,  25,  26,  27,  28,  29,  30,  31,  32,  33,  34,  35,  36,  37,  38,  39,  40,  41,  42,  43,  44,  45,  46,  47,  48,  49,  50,  51,  52,  53,  54,  55,  56,  57,  58,  59,  60,  61,  62,  63,  64,  65,  66,  67,  68,  69,  70,  71,  72,  73,  74,  75,  76,  77,  78,  79,  80,  81,  82,  83,  84,  85,  86,  87,  67,  69,  71,  73,  75,  77,  79,  81,  83,  85,  87,  89,  91,  93,  95,  97,  99, 101, 103, 105, 107

  0,   1,   1,   1,   1,   1,   1,   1,   1,   1,   1,   1,   1,   1,   1,   1,   1,   1,   1,   1,   1,   1,   1,   1,   1,   1,   1,   1,   1,   1,   1,   1,   1,   1,   1,   1,   1,   1,   1,   1,   1,   1,   1,   1,   1,   1,   1,   1,   1,   1,   1,   1,   1,   1,   1,   1,   1,   1,   1,   1,   1,   1,   1,   1,   1,   1,   1,   1,   1,   1,   1,   1,   1,   1,   1,   1,   1,   1,   1,   1,   1,   1,   1,   1,   1,   1,   1,   1,   2,   2,   2,   2,   2,   2,   2,   2,   2,   2,   2,   2,   2,   2,   2,   2,   2,   2,   2,   2,   2,   2
  1,   0,   1,   2,   3,   4,   5,   6,   7,   8,   9,  10,  11,  12,  13,  14,  15,  16,  17,  18,  19,  20,  21,  22,  23,  24,  25,  26,  27,  28,  29,  30,  31,  32,  33,  34,  35,  36,  37,  38,  39,  40,  41,  42,  43,  44,  45,  46,  47,  48,  49,  50,  51,  52,  53,  54,  55,  56,  57,  58,  59,  60,  61,  62,  63,  64,  65,  66,  67,  68,  69,  70,  71,  72,  73,  74,  75,  76,  77,  78,  79,  80,  81,  82,  83,  84,  85,  86,  65,  67,  69,  71,  73,  75,  77,  79,  81,  83,  85,  87,  89,  91,  93,  95,  97,  99, 101, 103, 105, 107

  0,   1,   1,   1,   1,   1,   1,   1,   1,   1,   1,   1,   1,   1,   1,   1,   1,   1,   1,   1,   1,   1,   1,   1,   1,   1,   1,   1,   1,   1,   1,   1,   1,   1,   1,   1,   1,   1,   1,   1,   1,   1,   1,   1,   1,   1,   1,   1,   1,   1,   1,   1,   1,   1,   1,   1,   1,   1,   1,   1,   1,   1,   1,   1,   1,   1,   1,   1,   1,   1,   1,   1,   1,   1,   1,   1,   1,   1,   1,   1,   1,   1,   1,   1,   1,   1,   1,   2,   2,   2,   2,   2,   2,   2,   2,   2,   2,   2,   2,   2,   2,   2,   2,   2,   2,   2,   2,   2,   2,   2
  1,   0,   1,   2,   3,   4,   5,   6,   7,   8,   9,  10,  11,  12,  13,  14,  15,  16,  17,  18,  19,  20,  21,  22,  23,  24,  25,  26,  27,  28,  29,  30,  31,  32,  33,  34,  35,  36,  37,  38,  39,  40,  41,  42,  43,  44,  45,  46,  47,  48,  49,  50,  51,  52,  53,  54,  55,  56,  57,  58,  59,  60,  61,  62,  63,  64,  65,  66,  67,  68,  69,  70,  71,  72,  73,  74,  75,  76,  77,  78,  79,  80,  81,  82,  83,  84,  85,  63,  65,  67,  69,  71,  73,  75,  77,  79,  81,  83,  85,  87,  89,  91,  93,  95,  97,  99, 101, 103, 105, 107

  0,   1,   1,   1,   1,   1,   1,   1,   1,   1,   1,   1,   1,   1,   1,   1,   1,   1,   1,   1,   1,   1,   1,   1,   1,   1,   1,   1,   1,   1,   1,   1,   1,   1,   1,   1,   1,   1,   1,   1,   1,   1,   1,   1,   1,   1,   1,   1,   1,   1,   1,   1,   1,   1,   1,   1,   1,   1,   1,   1,   1,   1,   1,   1,   1,   1,   1,   1,   1,   1,   1,   1,   1,   1,   1,   1,   1,   1,   1,   1,   1,   1,   1,   1,   1,   1,   2,   2,   2,   2,   2,   2,   2,   2,   2,   2,   2,   2,   2,   2,   2,   2,   2,   2,   2,   2,   2,   2,   2,   2
  1,   0,   1,   2,   3,   4,   5,   6,   7,   8,   9,  10,  11,  12,  13,  14,  15,  16,  17,  18,  19,  20,  21,  22,  23,  24,  25,  26,  27,  28,  29,  30,  31,  32,  33,  34,  35,  36,  37,  38,  39,  40,  41,  42,  43,  44,  45,  46,  47,  48,  49,  50,  51,  52,  53,  54,  55,  56,  57,  58,  59,  60,  61,  62,  63,  64,  65,  66,  67,  68,  69,  70,  71,  72,  73,  74,  75,  76,  77,  78,  79,  80,  81,  82,  83,  84,  61,  63,  65,  67,  69,  71,  73,  75,  77,  79,  81,  83,  85,  87,  89,  91,  93,  95,  97,  99, 101, 103, 105, 107

  0,   1,   1,   1,   1,   1,   1,   1,   1,   1,   1,   1,   1,   1,   1,   1,   1,   1,   1,   1,   1,   1,   1,   1,   1,   1,   1,   1,   1,   1,   1,   1,   1,   1,   1,   1,   1,   1,   1,   1,   1,   1,   1,   1,   1,   1,   1,   1,   1,   1,   1,   1,   1,   1,   1,   1,   1,   1,   1,   1,   1,   1,   1,   1,   1,   1,   1,   1,   1,   1,   1,   1,   1,   1,   1,   1,   1,   1,   1,   1,   1,   1,   1,   1,   1,   2,   2,   2,   2,   2,   2,   2,   2,   2,   2,   2,   2,   2,   2,   2,   2,   2,   2,   2,   2,   2,   2,   2,   2,   2
  1,   0,   1,   2,   3,   4,   5,   6,   7,   8,   9,  10,  11,  12,  13,  14,  15,  16,  17,  18,  19,  20,  21,  22,  23,  24,  25,  26,  27,  28,  29,  30,  31,  32,  33,  34,  35,  36,  37,  38,  39,  40,  41,  42,  43,  44,  45,  46,  47,  48,  49,  50,  51,  52,  53,  54,  55,  56,  57,  58,  59,  60,  61,  62,  63,  64,  65,  66,  67,  68,  69,  70,  71,  72,  73,  74,  75,  76,  77,  78,  79,  80,  81,  82,  83,  59,  61,  63,  65,  67,  69,  71,  73,  75,  77,  79,  81,  83,  85,  87,  89,  91,  93,  95,  97,  99, 101, 103, 105, 107

  0,   1,   1,   1,   1,   1,   1,   1,   1,   1,   1,   1,   1,   1,   1,   1,   1,   1,   1,   1,   1,   1,   1,   1,   1,   1,   1,   1,   1,   1,   1,   1,   1,   1,   1,   1,   1,   1,   1,   1,   1,   1,   1,   1,   1,   1,   1,   1,   1,   1,   1,   1,   1,   1,   1,   1,   1,   1,   1,   1,   1,   1,   1,   1,   1,   1,   1,   1,   1,   1,   1,   1,   1,   1,   1,   1,   1,   1,   1,   1,   1,   1,   1,   1,   2,   2,   2,   2,   2,   2,   2,   2,   2,   2,   2,   2,   2,   2,   2,   2,   2,   2,   2,   2,   2,   2,   2,   2,   2,   2
  1,   0,   1,   2,   3,   4,   5,   6,   7,   8,   9,  10,  11,  12,  13,  14,  15,  16,  17,  18,  19,  20,  21,  22,  23,  24,  25,  26,  27,  28,  29,  30,  31,  32,  33,  34,  35,  36,  37,  38,  39,  40,  41,  42,  43,  44,  45,  46,  47,  48,  49,  50,  51,  52,  53,  54,  55,  56,  57,  58,  59,  60,  61,  62,  63,  64,  65,  66,  67,  68,  69,  70,  71,  72,  73,  74,  75,  76,  77,  78,  79,  80,  81,  82,  57,  59,  61,  63,  65,  67,  69,  71,  73,  75,  77,  79,  81,  83,  85,  87,  89,  91,  93,  95,  97,  99, 101, 103, 105, 107

  0,   1,   1,   1,   1,   1,   1,   1,   1,   1,   1,   1,   1,   1,   1,   1,   1,   1,   1,   1,   1,   1,   1,   1,   1,   1,   1,   1,   1,   1,   1,   1,   1,   1,   1,   1,   1,   1,   1,   1,   1,   1,   1,   1,   1,   1,   1,   1,   1,   1,   1,   1,   1,   1,   1,   1,   1,   1,   1,   1,   1,   1,   1,   1,   1,   1,   1,   1,   1,   1,   1,   1,   1,   1,   1,   1,   1,   1,   1,   1,   1,   1,   1,   2,   2,   2,   2,   2,   2,   2,   2,   2,   2,   2,   2,   2,   2,   2,   2,   2,   2,   2,   2,   2,   2,   2,   2,   2,   2,   2
  1,   0,   1,   2,   3,   4,   5,   6,   7,   8,   9,  10,  11,  12,  13,  14,  15,  16,  17,  18,  19,  20,  21,  22,  23,  24,  25,  26,  27,  28,  29,  30,  31,  32,  33,  34,  35,  36,  37,  38,  39,  40,  41,  42,  43,  44,  45,  46,  47,  48,  49,  50,  51,  52,  53,  54,  55,  56,  57,  58,  59,  60,  61,  62,  63,  64,  65,  66,  67,  68,  69,  70,  71,  72,  73,  74,  75,  76,  77,  78,  79,  80,  81,  55,  57,  59,  61,  63,  65,  67,  69,  71,  73,  75,  77,  79,  81,  83,  85,  87,  89,  91,  93,  95,  97,  99, 101, 103, 105, 107

  0,   1,   1,   1,   1,   1,   1,   1,   1,   1,   1,   1,   1,   1,   1,   1,   1,   1,   1,   1,   1,   1,   1,   1,   1,   1,   1,   1,   1,   1,   1,   1,   1,   1,   1,   1,   1,   1,   1,   1,   1,   1,   1,   1,   1,   1,   1,   1,   1,   1,   1,   1,   1,   1,   1,   1,   1,   1,   1,   1,   1,   1,   1,   1,   1,   2,   2,   2,   2,   2,   2,   2,   2,   2,   2,   2,   2,   2,   2,   2,   2,   2,   2,   2,   2,   2,   2,   2,   2,   2,   2,   2,   3,   3,   3,   3,   3,   3,   3,   3,   3,   3,   3,   3,   3,   3,   3,   3,   3,   3
  1,   0,   1,   2,   3,   4,   5,   6,   7,   8,   9,  10,  11,  12,  13,  14,  15,  16,  17,  18,  19,  20,  21,  22,  23,  24,  25,  26,  27,  28,  29,  30,  31,  32,  33,  34,  35,  36,  37,  38,  39,  40,  41,  42,  43,  44,  45,  46,  47,  48,  49,  50,  51,  52,  53,  54,  55,  56,  57,  58,  59,  60,  61,  62,  63,  37,  39,  41,  43,  45,  47,  49,  51,  53,  55,  57,  59,  61,  63,  65,  67,  69,  71,  73,  75,  77,  79,  81,  83,  85,  87,  89,  82,  83,  85,  86,  88,  89,  91,  92,  94,  95,  97,  98, 100, 101, 103, 104, 106, 107

  0,   1,   1,   1,   1,   1,   1,   1,   1,   1,   1,   1,   1,   1,   1,   1,   1,   1,   1,   1,   1,   1,   1,   1,   1,   1,   1,   1,   1,   1,   1,   1,   1,   1,   1,   1,   1,   1,   1,   1,   1,   1,   1,   1,   1,   1,   1,   1,   1,   1,   1,   1,   1,   1,   1,   1,   1,   1,   1,   1,   1,   1,   1,   1,   2,   2,   2,   2,   2,   2,   2,   2,   2,   2,   2,   2,   2,   2,   2,   2,   2,   2,   2,   2,   2,   2,   2,   2,   2,   2,   2,   3,   3,   3,   3,   3,   3,   3,   3,   3,   3,   3,   3,   3,   3,   3,   3,   3,   3,   3
  1,   0,   1,   2,   3,   4,   5,   6,   7,   8,   9,  10,  11,  12,  13,  14,  15,  16,  17,  18,  19,  20,  21,  22,  23,  24,  25,  26,  27,  28,  29,  30,  31,  32,  33,  34,  35,  36,  37,  38,  39,  40,  41,  42,  43,  44,  45,  46,  47,  48,  49,  50,  51,  52,  53,  54,  55,  56,  57,  58,  59,  60,  61,  62,  37,  39,  41,  43,  45,  47,  49,  51,  53,  55,  57,  59,  61,  63,  65,  67,  69,  71,  73,  75,  77,  79,  81,  83,  85,  87,  89,  80,  82,  83,  85,  86,  88,  89,  91,  92,  94,  95,  97,  98, 100, 101, 103, 104, 106, 107

  0,   1,   1,   1,   1,   1,   1,   1,   1,   1,   1,   1,   1,   1,   1,   1,   1,   1,   1,   1,   1,   1,   1,   1,   1,   1,   1,   1,   1,   1,   1,   1,   1,   1,   1,   1,   1,   1,   1,   1,   1,   1,   1,   1,   1,   1,   1,   1,   1,   1,   1,   1,   1,   1,   1,   1,   1,   1,   1,   1,   1,   1,   1,   1,   2,   2,   2,   2,   2,   2,   2,   2,   2,   2,   2,   2,   2,   2,   2,   2,   2,   2,   2,   2,   2,   2,   2,   2,   2,   2,   3,   3,   3,   3,   3,   3,   3,   3,   3,   3,   3,   3,   3,   3,   3,   3,   3,   3,   3,   3
  1,   0,   1,   2,   3,   4,   5,   6,   7,   8,   9,  10,  11,  12,  13,  14,  15,  16,  17,  18,  19,  20,  21,  22,  23,  24,  25,  26,  27,  28,  29,  30,  31,  32,  33,  34,  35,  36,  37,  38,  39,  40,  41,  42,  43,  44,  45,  46,  47,  48,  49,  50,  51,  52,  53,  54,  55,  56,  57,  58,  59,  60,  61,  62,  37,  39,  41,  43,  45,  47,  49,  51,  53,  55,  57,  59,  61,  63,  65,  67,  69,  71,  73,  75,  77,  79,  81,  83,  85,  87,  79,  80,  82,  83,  85,  86,  88,  89,  91,  92,  94,  95,  97,  98, 100, 101, 103, 104, 106, 107

  0,   1,   1,   1,   1,   1,   1,   1,   1,   1,   1,   1,   1,   1,   1,   1,   1,   1,   1,   1,   1,   1,   1,   1,   1,   1,   1,   1,   1,   1,   1,   1,   1,   1,   1,   1,   1,   1,   1,   1,   1,   1,   1,   1,   1,   1,   1,   1,   1,   1,   1,   1,   1,   1,   1,   1,   1,   1,   1,   1,   1,   1,   1,   2,   2,   2,   2,   2,   2,   2,   2,   2,   2,   2,   2,   2,   2,   2,   2,   2,   2,   2,   2,   2,   2,   2,   2,   2,   2,   3,   3,   3,   3,   3,   3,   3,   3,   3,   3,   3,   3,   3,   3,   3,   3,   3,   3,   3,   3,   3
  1,   0,   1,   2,   3,   4,   5,   6,   7,   8,   9,  10,  11,  12,  13,  14,  15,  16,  17,  18,  19,  20,  21,  22,  23,  24,  25,  26,  27,  28,  29,  30,  31,  32,  33,  34,  35,  36,  37,  38,  39,  40,  41,  42,  43,  44,  45,  46,  47,  48,  49,  50,  51,  52,  53,  54,  55,  56,  57,  58,  59,  60,  61,  37,  39,  41,  43,  45,  47,  49,  51,  53,  55,  57,  59,  61,  63,  65,  67,  69,  71,  73,  75,  77,  79,  81,  83,  85,  87,  77,  79,  80,  82,  83,  85,  86,  88,  89,  91,  92,  94,  95,  97,  98, 100, 101, 103, 104, 106, 107

  0,   1,   1,   1,   1,   1,   1,   1,   1,   1,   1,   1,   1,   1,   1,   1,   1,   1,   1,   1,   1,   1,   1,   1,   1,   1,   1,   1,   1,   1,   1,   1,   1,   1,   1,   1,   1,   1,   1,   1,   1,   1,   1,   1,   1,   1,   1,   1,   1,   1,   1,   1,   1,   1,   1,   1,   1,   1,   1,   1,   1,   1,   1,   2,   2,   2,   2,   2,   2,   2,   2,   2,   2,   2,   2,   2,   2,   2,   2,   2,   2,   2,   2,   2,   2,   2,   2,   2,   3,   3,   3,   3,   3,   3,   3,   3,   3,   3,   3,   3,   3,   3,   3,   3,   3,   3,   3,   3,   3,   3
  1,   0,   1,   2,   3,   4,   5,   6,   7,   8,   9,  10,  11,  12,  13,  14,  15,  16,  17,  18,  19,  20,  21,  22,  23,  24,  25,  26,  27,  28,  29,  30,  31,  32,  33,  34,  35,  36,  37,  38,  39,  40,  41,  42,  43,  44,  45,  46,  47,  48,  49,  50,  51,  52,  53,  54,  55,  56,  57,  58,  59,  60,  61,  37,  39,  41,  43,  45,  47,  49,  51,  53,  55,  57,  59,  61,  63,  65,  67,  69,  71,  73,  75,  77,  79,  81,  83,  85,  76,  77,  79,  80,  82,  83,  85,  86,  88,  89,  91,  92,  94,  95,  97,  98, 100, 101, 103, 104, 106, 107

  0,   1,   1,   1,   1,   1,   1,   1,   1,   1,   1,   1,   1,   1,   1,   1,   1,   1,   1,   1,   1,   1,   1,   1,   1,   1,   1,   1,   1,   1,   1,   1,   1,   1,   1,   1,   1,   1,   1,   1,   1,   1,   1,   1,   1,   1,   1,   1,   1,   1,   1,   1,   1,   1,   1,   1,   1,   1,   1,   1,   1,   1,   2,   2,   2,   2,   2,   2,   2,   2,   2,   2,   2,   2,   2,   2,   2,   2,   2,   2,   2,   2,   2,   2,   2,   2,   2,   3,   3,   3,   3,   3,   3,   3,   3,   3,   3,   3,   3,   3,   3,   3,   3,   3,   3,   3,   3,   3,   3,   3
  1,   0,   1,   2,   3,   4,   5,   6,   7,   8,   9,  10,  11,  12,  13,  14,  15,  16,  17,  18,  19,  20,  21,  22,  23,  24,  25,  26,  27,  28,  29,  30,  31,  32,  33,  34,  35,  36,  37,  38,  39,  40,  41,  42,  43,  44,  45,  46,  47,  48,  49,  50,  51,  52,  53,  54,  55,  56,  57,  58,  59,  60,  37,  39,  41,  43,  45,  47,  49,  51,  53,  55,  57,  59,  61,  63,  65,  67,  69,  71,  73,  75,  77,  79,  81,  83,  85,  74,  76,  77,  79,  80,  82,  83,  85,  86,  88,  89,  91,  92,  94,  95,  97,  98, 100, 101, 103, 104, 106, 107

  0,   1,   1,   1,   1,   1,   1,   1,   1,   1,   1,   1,   1,   1,   1,   1,   1,   1,   1,   1,   1,   1,   1,   1,   1,   1,   1,   1,   1,   1,   1,   1,   1,   1,   1,   1,   1,   1,   1,   1,   1,   1,   1,   1,   1,   1,   1,   1,   1,   1,   1,   1,   1,   1,   1,   1,   1,   1,   1,   1,   1,   1,   2,   2,   2,   2,   2,   2,   2,   2,   2,   2,   2,   2,   2,   2,   2,   2,   2,   2,   2,   2,   2,   2,   2,   2,   3,   3,   3,   3,   3,   3,   3,   3,   3,   3,   3,   3,   3,   3,   3,   3,   3,   3,   3,   3,   3,   3,   3,   3
  1,   0,   1,   2,   3,   4,   5,   6,   7,   8,   9,  10,  11,  12,  13,  14,  15,  16,  17,  18,  19,  20,  21,  22,  23,  24,  25,  26,  27,  28,  29,  30,  31,  32,  33,  34,  35,  36,  37,  38,  39,  40,  41,  42,  43,  44,  45,  46,  47,  48,  49,  50,  51,  52,  53,  54,  55,  56,  57,  58,  59,  60,  37,  39,  41,  43,  45,  47,  49,  51,  53,  55,  57,  59,  61,  63,  65,  67,  69,  71,  73,  75,  77,  79,  81,  83,  73,  74,  76,  77,  79,  80,  82,  83,  85,  86,  88,  89,  91,  92,  94,  95,  97,  98, 100, 101, 103, 104, 106, 107

  0,   1,   1,   1,   1,   1,   1,   1,   1,   1,   1,   1,   1,   1,   1,   1,   1,   1,   1,   1,   1,   1,   1,   1,   1,   1,   1,   1,   1,   1,   1,   1,   1,   1,   1,   1,   1,   1,   1,   1,   1,   1,   2,   2,   2,   2,   2,   2,   2,   2,   2,   2,   2,   2,   2,   2,   2,   2,   2,   2,   2,   3,   3,   3,   3,   3,   3,   3,   3,   3,   3,   3,   3,   3,   3,   3,   3,   3,   3,   3,   3,   3,   3,   3,   3,   4,   4,   4,   4,   4,   4,   4,   4,   4,   4,   4,   4,   4,   4,   5,   5,   5,   5,   5,   5,   5,   5,   5,   5,   5
  1,   0,   1,   2,   3,   4,   5,   6,   7,   8,   9,  10,  11,  12,  13,  14,  15,  16,  17,  18,  19,  20,  21,  22,  23,  24,  25,  26,  27,  28,  29,  30,  31,  32,  33,  34,  35,  36,  37,  38,  39,  40,  23,  25,  27,  29,  31,  33,  35,  37,  39,  41,  43,  45,  47,  49,  51,  53,  55,  57,  59,  43,  44,  46,  47,  49,  50,  52,  53,  55,  56,  58,  59,  61,  62,  64,  65,  67,  68,  70,  71,  73,  74,  76,  77,  67,  69,  71,  73,  75,  77,  79,  81,  83,  85,  87,  89,  91,  93,  94,  96,  97,  98,  99, 101, 102, 103, 104, 106, 107

  0,   1,   1,   1,   1,   1,   1,   1,   1,   1,   1,   1,   1,   1,   1,   1,   1,   1,   1,   1,   1,   1,   1,   1,   1,   1,   1,   1,   1,   1,   1,   1,   1,   1,   1,   1,   1,   1,   1,   1,   1,   1,   2,   2,   2,   2,   2,   2,   2,   2,   2,   2,   2,   2,   2,   2,   2,   2,   2,   2,   3,   3,   3,   3,   3,   3,   3,   3,   3,   3,   3,   3,   3,   3,   3,   3,   3,   3,   3,   3,   3,   3,   3,   3,   4,   4,   4,   4,   4,   4,   4,   4,   4,   4,   4,   4,   4,   4,   5,   5,   5,   5,   5,   5,   5,   5,   5,   5,   5,   5
  1,   0,   1,   2,   3,   4,   5,   6,   7,   8,   9,  10,  11,  12,  13,  14,  15,  16,  17,  18,  19,  20,  21,  22,  23,  24,  25,  26,  27,  28,  29,  30,  31,  32,  33,  34,  35,  36,  37,  38,  39,  40,  23,  25,  27,  29,  31,  33,  35,  37,  39,  41,  43,  45,  47,  49,  51,  53,  55,  57,  43,  44,  46,  47,  49,  50,  52,  53,  55,  56,  58,  59,  61,  62,  64,  65,  67,  68,  70,  71,  73,  74,  76,  77,  67,  69,  71,  73,  75,  77,  79,  81,  83,  85,  87,  89,  91,  93,  93,  94,  96,  97,  98,  99, 101, 102, 103, 104, 106, 107

  0,   1,   1,   1,   1,   1,   1,   1,   1,   1,   1,   1,   1,   1,   1,   1,   1,   1,   1,   1,   1,   1,   1,   1,   1,   1,   1,   1,   1,   1,   1,   1,   1,   1,   1,   1,   1,   1,   1,   1,   1,   2,   2,   2,   2,   2,   2,   2,   2,   2,   2,   2,   2,   2,   2,   2,   2,   2,   2,   3,   3,   3,   3,   3,   3,   3,   3,   3,   3,   3,   3,   3,   3,   3,   3,   3,   3,   3,   3,   3,   3,   3,   4,   4,   4,   4,   4,   4,   4,   4,   4,   4,   4,   4,   4,   4,   5,   5,   5,   5,   5,   5,   5,   5,   5,   5,   5,   5,   5,   5
  1,   0,   1,   2,   3,   4,   5,   6,   7,   8,   9,  10,  11,  12,  13,  14,  15,  16,  17,  18,  19,  20,  21,  22,  23,  24,  25,  26,  27,  28,  29,  30,  31,  32,  33,  34,  35,  36,  37,  38,  39,  23,  25,  27,  29,  31,  33,  35,  37,  39,  41,  43,  45,  47,  49,  51,  53,  55,  57,  43,  44,  46,  47,  49,  50,  52,  53,  55,  56,  58,  59,  61,  62,  64,  65,  67,  68,  70,  71,  73,  74,  76,  67,  69,  71,  73,  75,  77,  79,  81,  83,  85,  87,  89,  91,  93,  91,  92,  93,  94,  96,  97,  98,  99, 101, 102, 103, 104, 106, 107

  0,   1,   1,   1,   1,   1,   1,   1,   1,   1,   1,   1,   1,   1,   1,   1,   1,   1,   1,   1,   1,   1,   1,   1,   1,   1,   1,   1,   1,   1,   1,   1,   1,   1,   1,   1,   1,   1,   1,   1,   1,   2,   2,   2,   2,   2,   2,   2,   2,   2,   2,   2,   2,   2,   2,   2,   2,   2,   2,   3,   3,   3,   3,   3,   3,   3,   3,   3,   3,   3,   3,   3,   3,   3,   3,   3,   3,   3,   3,   3,   3,   4,   4,   4,   4,   4,   4,   4,   4,   4,   4,   4,   4,   4,   4,   5,   5,   5,   5,   5,   5,   5,   5,   5,   5,   5,   5,   5,   5,   5
  1,   0,   1,   2,   3,   4,   5,   6,   7,   8,   9,  10,  11,  12,  13,  14,  15,  16,  17,  18,  19,  20,  21,  22,  23,  24,  25,  26,  27,  28,  29,  30,  31,  32,  33,  34,  35,  36,  37,  38,  39,  23,  25,  27,  29,  31,  33,  35,  37,  39,  41,  43,  45,  47,  49,  51,  53,  55,  57,  43,  44,  46,  47,  49,  50,  52,  53,  55,  56,  58,  59,  61,  62,  64,  65,  67,  68,  70,  71,  73,  74,  65,  67,  69,  71,  73,  75,  77,  79,  81,  83,  85,  87,  89,  91,  89,  91,  92,  93,  94,  96,  97,  98,  99, 101, 102, 103, 104, 106, 107

  0,   1,   1,   1,   1,   1,   1,   1,   1,   1,   1,   1,   1,   1,   1,   1,   1,   1,   1,   1,   1,   1,   1,   1,   1,   1,   1,   1,   1,   1,   1,   1,   1,   1,   1,   1,   1,   1,   1,   1,   1,   2,   2,   2,   2,   2,   2,   2,   2,   2,   2,   2,   2,   2,   2,   2,   2,   2,   3,   3,   3,   3,   3,   3,   3,   3,   3,   3,   3,   3,   3,   3,   3,   3,   3,   3,   3,   3,   3,   3,   4,   4,   4,   4,   4,   4,   4,   4,   4,   4,   4,   4,   4,   4,   5,   5,   5,   5,   5,   5,   5,   5,   5,   5,   5,   5,   5,   5,   5,   5
  1,   0,   1,   2,   3,   4,   5,   6,   7,   8,   9,  10,  11,  12,  13,  14,  15,  16,  17,  18,  19,  20,  21,  22,  23,  24,  25,  26,  27,  28,  29,  30,  31,  32,  33,  34,  35,  36,  37,  38,  39,  23,  25,  27,  29,  31,  33,  35,  37,  39,  41,  43,  45,  47,  49,  51,  53,  55,  43,  44,  46,  47,  49,  50,  52,  53,  55,  56,  58,  59,  61,  62,  64,  65,  67,  68,  70,  71,  73,  74,  65,  67,  69,  71,  73,  75,  77,  79,  81,  83,  85,  87,  89,  91,  88,  89,  91,  92,  93,  94,  96,  97,  98,  99, 101, 102, 103, 104, 106, 107

  0,   1,   1,   1,   1,   1,   1,   1,   1,   1,   1,   1,   2,   2,   2,   2,   2,   3,   3,   3,   3,   3,   3,   3,   4,   4,   4,   4,   4,   5,   5,   5,   5,   5,   5,   5,   5,   6,   6,   6,   7,   7,   7,   7,   7,   7,   7,   7,   7,   8,   8,   8,   8,   8,   9,   9,   9,   9,   9,   9,  10,  10,  10,  10,  11,  11,  11,  11,  11,  11,  11,  11,  12,  12,  12,  13,  13,  13,  13,  13,  13,  13,  14,  14,  14,  14,  15,  15,  15,  15,  16,  16,  16,  16,  17,  17,  17,  17,  17,  17,  18,  18,  19,  19,  19,  19,  20,  20,  21,  21
  1,   0,   1,   2,   3,   4,   5,   6,   7,   8,   9,  10,   7,   9,  11,  13,  15,  11,  13,  14,  16,  17,  19,  20,  17,  19,  21,  23,  25,  21,  22,  23,  24,  26,  27,  28,  29,  29,  31,  35,  31,  32,  33,  34,  36,  37,  38,  39,  40,  37,  39,  41,  43,  45,  43,  44,  46,  47,  49,  50,  47,  49,  51,  53,  52,  53,  54,  56,  57,  58,  59,  60,  59,  61,  65,  63,  64,  66,  67,  68,  69,  70,  69,  71,  73,  75,  74,  76,  77,  79,  79,  81,  83,  85,  84,  86,  87,  88,  89,  90,  89,  91,  96,  97,  98,  99, 101, 103, 106, 107

  0,   1,   1,   1,   1,   1,   1,   1,   1,   1,   1,   1,   2,   2,   2,   2,   2,   3,   3,   3,   3,   3,   3,   3,   4,   4,   4,   4,   4,   5,   5,   5,   5,   5,   5,   5,   5,   6,   6,   6,   7,   7,   7,   7,   7,   7,   7,   7,   7,   8,   8,   8,   8,   8,   9,   9,   9,   9,   9,   9,  10,  10,  10,  10,  11,  11,  11,  11,  11,  11,  11,  11,  12,  12,  12,  13,  13,  13,  13,  13,  13,  13,  14,  14,  14,  14,  15,  15,  15,  15,  15,  16,  16,  16,  16,  17,  17,  17,  17,  17,  18,  18,  19,  19,  19,  19,  20,  20,  21,  21
  1,   0,   1,   2,   3,   4,   5,   6,   7,   8,   9,  10,   7,   9,  11,  13,  15,  11,  13,  14,  16,  17,  19,  20,  17,  19,  21,  23,  25,  21,  22,  23,  24,  26,  27,  28,  29,  29,  31,  35,  31,  32,  33,  34,  36,  37,  38,  39,  40,  37,  39,  41,  43,  45,  43,  44,  46,  47,  49,  50,  47,  49,  51,  53,  52,  53,  54,  56,  57,  58,  59,  60,  59,  61,  65,  63,  64,  66,  67,  68,  69,  70,  69,  71,  73,  75,  73,  74,  76,  77,  79,  79,  81,  83,  85,  84,  86,  87,  88,  89,  89,  91,  96,  97,  98,  99, 101, 103, 106, 107

  0,   1,   1,   1,   1,   1,   1,   1,   1,   1,   1,   1,   2,   2,   2,   2,   2,   3,   3,   3,   3,   3,   3,   3,   4,   4,   4,   4,   4,   5,   5,   5,   5,   5,   5,   5,   5,   6,   6,   6,   7,   7,   7,   7,   7,   7,   7,   7,   7,   8,   8,   8,   8,   8,   9,   9,   9,   9,   9,   9,   9,  10,  10,  10,  10,  11,  11,  11,  11,  11,  11,  11,  11,  12,  12,  12,  13,  13,  13,  13,  13,  13,  13,  13,  14,  14,  14,  14,  15,  15,  15,  15,  15,  16,  16,  16,  17,  17,  17,  17,  17,  18,  18,  19,  19,  19,  20,  20,  21,  21
  1,   0,   1,   2,   3,   4,   5,   6,   7,   8,   9,  10,   7,   9,  11,  13,  15,  11,  13,  14,  16,  17,  19,  20,  17,  19,  21,  23,  25,  21,  22,  23,  24,  26,  27,  28,  29,  29,  31,  35,  31,  32,  33,  34,  36,  37,  38,  39,  40,  37,  39,  41,  43,  45,  41,  43,  44,  46,  47,  49,  50,  47,  49,  51,  53,  52,  53,  54,  56,  57,  58,  59,  60,  59,  61,  65,  62,  63,  64,  66,  67,  68,  69,  70,  69,  71,  73,  75,  73,  74,  76,  77,  79,  79,  81,  83,  84,  86,  87,  88,  89,  89,  91,  96,  97,  98, 101, 103, 106, 107

  0,   1,   1,   1,   1,   1,   1,   1,   1,   1,   1,   1,   2,   2,   2,   2,   2,   3,   3,   3,   3,   3,   3,   3,   4,   4,   4,   4,   4,   5,   5,   5,   5,   5,   5,   5,   5,   6,   6,   6,   7,   7,   7,   7,   7,   7,   7,   7,   7,   8,   8,   8,   8,   8,   9,   9,   9,   9,   9,   9,   9,  10,  10,  10,  10,  11,  11,  11,  11,  11,  11,  11,  11,  12,  12,  12,  13,  13,  13,  13,  13,  13,  13,  14,  14,  14,  14,  15,  15,  15,  15,  15,  16,  16,  16,  17,  17,  17,  17,  17,  18,  18,  19,  19,  19,  19,  20,  20,  21,  21
  1,   0,   1,   2,   3,   4,   5,   6,   7,   8,   9,  10,   7,   9,  11,  13,  15,  11,  13,  14,  16,  17,  19,  20,  17,  19,  21,  23,  25,  21,  22,  23,  24,  26,  27,  28,  29,  29,  31,  35,  31,  32,  33,  34,  36,  37,  38,  39,  40,  37,  39,  41,  43,  45,  41,  43,  44,  46,  47,  49,  50,  47,  49,  51,  53,  52,  53,  54,  56,  57,  58,  59,  60,  59,  61,  65,  62,  63,  64,  66,  67,  68,  69,  67,  69,  71,  73,  73,  74,  76,  77,  79,  79,  81,  83,  84,  86,  87,  88,  89,  89,  91,  94,  96,  97,  98, 101, 103, 106, 107

  0,   1,   1,   1,   1,   1,   1,   1,   1,   1,   1,   1,   2,   2,   2,   2,   2,   3,   3,   3,   3,   3,   3,   3,   4,   4,   4,   4,   4,   5,   5,   5,   5,   5,   5,   5,   5,   6,   6,   6,   7,   7,   7,   7,   7,   7,   7,   7,   7,   8,   8,   8,   8,   8,   9,   9,   9,   9,   9,   9,   9,  10,  10,  10,  10,  11,  11,  11,  11,  11,  11,  11,  11,  12,  12,  13,  13,  13,  13,  13,  13,  13,  14,  14,  14,  14,  15,  15,  15,  15,  15,  16,  16,  16,  17,  17,  17,  17,  17,  17,  18,  18,  19,  19,  19,  19,  20,  20,  21,  21
  1,   0,   1,   2,   3,   4,   5,   6,   7,   8,   9,  10,   7,   9,  11,  13,  15,  11,  13,  14,  16,  17,  19,  20,  17,  19,  21,  23,  25,  21,  22,  23,  24,  26,  27,  28,  29,  29,  31,  35,  31,  32,  33,  34,  36,  37,  38,  39,  40,  37,  39,  41,  43,  45,  41,  43,  44,  46,  47,  49,  50,  47,  49,  51,  53,  52,  53,  54,  56,  57,  58,  59,  60,  59,  61,  62,  63,  64,  66,  67,  68,  69,  67,  69,  71,  73,  73,  74,  76,  77,  79,  79,  81,  83,  83,  84,  86,  87,  88,  89,  89,  91,  94,  96,  97,  98, 101, 103, 106, 107

  0,   1,   1,   1,   1,   1,   1,   1,   1,   1,   1,   2,   2,   2,   2,   2,   3,   3,   3,   3,   3,   3,   3,   4,   4,   4,   4,   4,   5,   5,   5,   5,   5,   5,   5,   5,   6,   6,   6,   7,   7,   7,   7,   7,   7,   7,   7,   8,   8,   8,   8,   8,   9,   9,   9,   9,   9,   9,  10,  10,  10,  10,  11,  11,  11,  11,  11,  11,  11,  11,  12,  12,  12,  13,  13,  13,  13,  13,  13,  13,  14,  14,  14,  14,  15,  15,  15,  15,  15,  16,  16,  16,  16,  17,  17,  17,  17,  17,  18,  18,  19,  19,  19,  19,  20,  20,  21,  21,  21,  22
  1,   0,   1,   2,   3,   4,   5,   6,   7,   8,   9,   5,   7,   9,  11,  13,  10,  11,  13,  14,  16,  17,  19,  15,  17,  19,  21,  23,  21,  22,  23,  24,  26,  27,  28,  29,  25,  29,  31,  30,  31,  32,  33,  34,  36,  37,  38,  35,  37,  39,  41,  43,  40,  41,  43,  44,  46,  47,  47,  49,  51,  53,  50,  51,  52,  53,  54,  56,  57,  58,  55,  59,  61,  60,  61,  62,  63,  64,  66,  67,  65,  67,  69,  71,  71,  73,  74,  76,  77,  75,  77,  79,  81,  81,  82,  83,  84,  86,  89,  91,  91,  92,  93,  94,  97,  99, 101, 103, 104, 107

  0,   1,   1,   1,   1,   1,   1,   1,   1,   1,   1,   2,   2,   2,   2,   2,   3,   3,   3,   3,   3,   3,   3,   4,   4,   4,   4,   4,   5,   5,   5,   5,   5,   5,   5,   5,   6,   6,   6,   7,   7,   7,   7,   7,   7,   7,   7,   8,   8,   8,   8,   8,   9,   9,   9,   9,   9,   9,  10,  10,  10,  10,  11,  11,  11,  11,  11,  11,  11,  11,  12,  12,  12,  13,  13,  13,  13,  13,  13,  13,  14,  14,  14,  14,  15,  15,  15,  15,  16,  16,  16,  16,  17,  17,  17,  17,  17,  17,  18,  18,  19,  19,  19,  19,  20,  20,  21,  21,  21,  22
  1,   0,   1,   2,   3,   4,   5,   6,   7,   8,   9,   5,   7,   9,  11,  13,  10,  11,  13,  14,  16,  17,  19,  15,  17,  19,  21,  23,  21,  22,  23,  24,  26,  27,  28,  29,  25,  29,  31,  30,  31,  32,  33,  34,  36,  37,  38,  35,  37,  39,  41,  43,  40,  41,  43,  44,  46,  47,  47,  49,  51,  53,  50,  51,  52,  53,  54,  56,  57,  58,  55,  59,  61,  60,  61,  62,  63,  64,  66,  67,  65,  67,  69,  71,  71,  73,  74,  76,  75,  77,  79,  81,  80,  81,  82,  83,  84,  86,  89,  91,  91,  92,  93,  94,  97,  99, 101, 103, 104, 107

  0,   1,   1,   1,   1,   1,   1,   1,   1,   1,   1,   2,   2,   2,   2,   2,   3,   3,   3,   3,   3,   3,   3,   4,   4,   4,   4,   4,   5,   5,   5,   5,   5,   5,   5,   5,   6,   6,   6,   7,   7,   7,   7,   7,   7,   7,   7,   8,   8,   8,   8,   8,   9,   9,   9,   9,   9,   9,  10,  10,  10,  10,  11,  11,  11,  11,  11,  11,  11,  12,  12,  12,  13,  13,  13,  13,  13,  13,  13,  14,  14,  14,  14,  15,  15,  15,  15,  16,  16,  16,  16,  17,  17,  17,  17,  17,  17,  18,  18,  19,  19,  19,  19,  19,  20,  20,  21,  21,  21,  22
  1,   0,   1,   2,   3,   4,   5,   6,   7,   8,   9,   5,   7,   9,  11,  13,  10,  11,  13,  14,  16,  17,  19,  15,  17,  19,  21,  23,  21,  22,  23,  24,  26,  27,  28,  29,  25,  29,  31,  30,  31,  32,  33,  34,  36,  37,  38,  35,  37,  39,  41,  43,  40,  41,  43,  44,  46,  47,  47,  49,  51,  53,  50,  51,  52,  53,  54,  56,  57,  55,  59,  61,  60,  61,  62,  63,  64,  66,  67,  65,  67,  69,  71,  71,  73,  74,  76,  75,  77,  79,  81,  80,  81,  82,  83,  84,  86,  85,  89,  90,  91,  92,  93,  94,  97,  99, 101, 103, 104, 107

  0,   1,   1,   1,   1,   1,   1,   1,   1,   1,   2,   2,   2,   2,   3,   3,   3,   3,   3,   4,   4,   4,   4,   5,   5,   5,   5,   5,   5,   5,   6,   6,   7,   7,   7,   7,   7,   7,   7,   8,   8,   8,   8,   9,   9,   9,   9,   9,   9,  10,  10,  10,  11,  11,  11,  11,  11,  11,  11,  12,  12,  12,  13,  13,  13,  13,  13,  13,  14,  14,  14,  14,  15,  15,  15,  15,  16,  16,  16,  16,  17,  17,  17,  17,  17,  18,  18,  19,  19,  19,  19,  19,  20,  20,  21,  21,  21,  21,  22,  22,  22,  23,  23,  23,  23,  23,  24,  25,  25,  26
  1,   0,   1,   2,   3,   4,   5,   6,   7,   8,   5,   7,   9,  11,  10,  11,  13,  14,  16,  13,  15,  17,  19,  17,  18,  19,  21,  22,  23,  24,  23,  25,  25,  26,  27,  29,  30,  31,  32,  31,  33,  35,  37,  34,  35,  37,  38,  40,  41,  39,  41,  43,  42,  43,  45,  46,  47,  48,  49,  47,  49,  53,  51,  53,  54,  55,  56,  57,  55,  57,  59,  61,  59,  61,  62,  64,  63,  65,  67,  69,  69,  70,  71,  72,  73,  73,  77,  77,  78,  79,  80,  81,  81,  83,  85,  86,  88,  89,  89,  91,  93,  93,  94,  95,  96,  97, 101, 103, 104, 107

  0,   1,   1,   1,   1,   1,   1,   1,   1,   1,   2,   2,   2,   2,   3,   3,   3,   3,   3,   4,   4,   4,   4,   5,   5,   5,   5,   5,   5,   5,   6,   6,   7,   7,   7,   7,   7,   7,   7,   8,   8,   8,   9,   9,   9,   9,   9,   9,  10,  10,  10,  11,  11,  11,  11,  11,  11,  11,  12,  12,  12,  13,  13,  13,  13,  13,  13,  14,  14,  14,  14,  15,  15,  15,  15,  16,  16,  16,  16,  17,  17,  17,  17,  17,  18,  18,  19,  19,  19,  19,  19,  20,  20,  21,  21,  21,  21,  22,  22,  22,  23,  23,  23,  23,  23,  24,  25,  25,  25,  26
  1,   0,   1,   2,   3,   4,   5,   6,   7,   8,   5,   7,   9,  11,  10,  11,  13,  14,  16,  13,  15,  17,  19,  17,  18,  19,  21,  22,  23,  24,  23,  25,  25,  26,  27,  29,  30,  31,  32,  31,  33,  35,  34,  35,  37,  38,  40,  41,  39,  41,  43,  42,  43,  45,  46,  47,  48,  49,  47,  49,  53,  51,  53,  54,  55,  56,  57,  55,  57,  59,  61,  59,  61,  62,  64,  63,  65,  67,  69,  69,  70,  71,  72,  73,  73,  77,  77,  78,  79,  80,  81,  81,  83,  85,  86,  88,  89,  89,  91,  93,  93,  94,  95,  96,  97, 101, 102, 103, 104, 107

  0,   1,   1,   1,   1,   1,   1,   1,   1,   1,   2,   2,   2,   2,   3,   3,   3,   3,   3,   4,   4,   4,   4,   5,   5,   5,   5,   5,   5,   5,   6,   6,   7,   7,   7,   7,   7,   7,   7,   8,   8,   8,   8,   8,   9,   9,   9,   9,   9,   9,  10,  10,  10,  11,  11,  11,  11,  11,  11,  11,  12,  12,  12,  13,  13,  13,  13,  13,  13,  14,  14,  14,  14,  15,  15,  15,  15,  16,  16,  16,  16,  17,  17,  17,  17,  17,  17,  18,  18,  19,  19,  19,  19,  19,  20,  20,  21,  21,  21,  21,  22,  22,  22,  23,  23,  23,  23,  25,  25,  26
  1,   0,   1,   2,   3,   4,   5,   6,   7,   8,   5,   7,   9,  11,  10,  11,  13,  14,  16,  13,  15,  17,  19,  17,  18,  19,  21,  22,  23,  24,  23,  25,  25,  26,  27,  29,  30,  31,  32,  29,  31,  33,  35,  37,  34,  35,  37,  38,  40,  41,  39,  41,  43,  42,  43,  45,  46,  47,  48,  49,  47,  49,  53,  51,  53,  54,  55,  56,  57,  55,  57,  59,  61,  59,  61,  62,  64,  63,  65,  67,  69,  67,  69,  70,  71,  72,  73,  73,  77,  77,  78,  79,  80,  81,  81,  83,  85,  86,  88,  89,  89,  91,  93,  93,  94,  95,  96, 103, 104, 107

  0,   1,   1,   1,   1,   1,   1,   1,   1,   1,   2,   2,   2,   2,   3,   3,   3,   3,   3,   4,   4,   4,   4,   5,   5,   5,   5,   5,   5,   5,   6,   6,   7,   7,   7,   7,   7,   7,   7,   8,   8,   8,   8,   9,   9,   9,   9,   9,   9,  10,  10,  10,  11,  11,  11,  11,  11,  11,  11,  12,  12,  12,  13,  13,  13,  13,  13,  13,  14,  14,  14,  14,  15,  15,  15,  15,  16,  16,  16,  16,  17,  17,  17,  17,  17,  17,  18,  18,  19,  19,  19,  19,  19,  20,  20,  21,  21,  21,  21,  22,  22,  22,  23,  23,  23,  23,  25,  25,  25,  26
  1,   0,   1,   2,   3,   4,   5,   6,   7,   8,   5,   7,   9,  11,  10,  11,  13,  14,  16,  13,  15,  17,  19,  17,  18,  19,  21,  22,  23,  24,  23,  25,  25,  26,  27,  29,  30,  31,  32,  29,  31,  33,  35,  34,  35,  37,  38,  40,  41,  39,  41,  43,  42,  43,  45,  46,  47,  48,  49,  47,  49,  53,  51,  53,  54,  55,  56,  57,  55,  57,  59,  61,  59,  61,  62,  64,  63,  65,  67,  69,  67,  69,  70,  71,  72,  73,  73,  77,  77,  78,  79,  80,  81,  81,  83,  85,  86,  88,  89,  89,  91,  93,  93,  94,  95,  96, 102, 103, 104, 107

  0,   1,   1,   1,   1,   1,   1,   1,   1,   1,   2,   2,   2,   2,   3,   3,   3,   3,   3,   4,   4,   4,   4,   5,   5,   5,   5,   5,   5,   5,   6,   6,   7,   7,   7,   7,   7,   7,   7,   8,   8,   8,   8,   8,   9,   9,   9,   9,   9,   9,  10,  10,  10,  11,  11,  11,  11,  11,  11,  11,  12,  12,  12,  13,  13,  13,  13,  13,  13,  13,  14,  14,  14,  14,  15,  15,  15,  15,  16,  16,  16,  16,  17,  17,  17,  17,  17,  17,  18,  18,  19,  19,  19,  19,  19,  20,  20,  21,  21,  21,  21,  22,  22,  23,  23,  23,  23,  25,  25,  26
  1,   0,   1,   2,   3,   4,   5,   6,   7,   8,   5,   7,   9,  11,  10,  11,  13,  14,  16,  13,  15,  17,  19,  17,  18,  19,  21,  22,  23,  24,  23,  25,  25,  26,  27,  29,  30,  31,  32,  29,  31,  33,  35,  37,  34,  35,  37,  38,  40,  41,  39,  41,  43,  42,  43,  45,  46,  47,  48,  49,  47,  49,  53,  50,  51,  53,  54,  55,  56,  57,  55,  57,  59,  61,  59,  61,  62,  64,  63,  65,  67,  69,  67,  69,  70,  71,  72,  73,  73,  77,  77,  78,  79,  80,  81,  81,  83,  85,  86,  88,  89,  89,  91,  93,  94,  95,  96, 103, 104, 107

  0,   1,   1,   1,   1,   1,   1,   1,   1,   1,   2,   2,   2,   2,   3,   3,   3,   3,   3,   4,   4,   4,   4,   5,   5,   5,   5,   5,   5,   5,   6,   6,   7,   7,   7,   7,   7,   7,   7,   8,   8,   8,   8,   9,   9,   9,   9,   9,   9,  10,  10,  10,  11,  11,  11,  11,  11,  11,  11,  12,  12,  12,  13,  13,  13,  13,  13,  13,  13,  14,  14,  14,  14,  15,  15,  15,  15,  16,  16,  16,  16,  17,  17,  17,  17,  17,  17,  18,  18,  19,  19,  19,  19,  19,  20,  20,  21,  21,  21,  21,  22,  22,  23,  23,  23,  23,  25,  25,  25,  26
  1,   0,   1,   2,   3,   4,   5,   6,   7,   8,   5,   7,   9,  11,  10,  11,  13,  14,  16,  13,  15,  17,  19,  17,  18,  19,  21,  22,  23,  24,  23,  25,  25,  26,  27,  29,  30,  31,  32,  29,  31,  33,  35,  34,  35,  37,  38,  40,  41,  39,  41,  43,  42,  43,  45,  46,  47,  48,  49,  47,  49,  53,  50,  51,  53,  54,  55,  56,  57,  55,  57,  59,  61,  59,  61,  62,  64,  63,  65,  67,  69,  67,  69,  70,  71,  72,  73,  73,  77,  77,  78,  79,  80,  81,  81,  83,  85,  86,  88,  89,  89,  91,  93,  94,  95,  96, 102, 103, 104, 107

  0,   1,   1,   1,   1,   1,   1,   1,   2,   2,   2,   3,   3,   3,   3,   4,   4,   4,   5,   5,   5,   5,   5,   6,   6,   7,   7,   7,   7,   7,   8,   8,   8,   9,   9,   9,   9,  10,  10,  10,  11,  11,  11,  11,  11,  12,  12,  13,  13,  13,  13,  13,  14,  14,  14,  15,  15,  15,  16,  16,  16,  17,  17,  17,  17,  18,  18,  19,  19,  19,  19,  20,  20,  20,  21,  21,  21,  22,  22,  22,  23,  23,  23,  23,  24,  24,  25,  25,  25,  26,  26,  27,  27,  28,  28,  29,  29,  29,  30,  31,  31,  31,  32,  32,  33,  33,  34,  34,  35,  35
  1,   0,   1,   2,   3,   4,   5,   6,   5,   7,   9,   7,   8,  10,  11,  11,  13,  15,  13,  14,  16,  17,  18,  17,  19,  19,  20,  22,  23,  24,  23,  25,  27,  25,  26,  28,  29,  29,  31,  33,  31,  32,  34,  35,  36,  35,  37,  37,  38,  40,  41,  42,  41,  43,  45,  44,  46,  47,  47,  49,  51,  50,  52,  53,  54,  53,  55,  56,  58,  59,  60,  59,  61,  63,  62,  64,  65,  65,  67,  69,  68,  70,  71,  72,  71,  73,  76,  77,  78,  79,  81,  82,  83,  85,  87,  88,  89,  90,  91,  94,  95,  96,  97,  99, 100, 101, 103, 105, 106, 107

  0,   1,   1,   1,   1,   1,   1,   1,   2,   2,   2,   3,   3,   3,   3,   4,   4,   4,   5,   5,   5,   5,   5,   6,   6,   7,   7,   7,   7,   7,   8,   8,   8,   9,   9,   9,   9,  10,  10,  10,  11,  11,  11,  11,  11,  12,  12,  13,  13,  13,  13,  13,  14,  14,  14,  15,  15,  15,  16,  16,  16,  17,  17,  17,  17,  18,  18,  19,  19,  19,  19,  20,  20,  20,  21,  21,  21,  22,  22,  22,  23,  23,  23,  23,  24,  24,  25,  25,  25,  25,  26,  26,  27,  27,  28,  28,  29,  29,  29,  30,  31,  31,  31,  32,  32,  33,  33,  34,  35,  35
  1,   0,   1,   2,   3,   4,   5,   6,   5,   7,   9,   7,   8,  10,  11,  11,  13,  15,  13,  14,  16,  17,  18,  17,  19,  19,  20,  22,  23,  24,  23,  25,  27,  25,  26,  28,  29,  29,  31,  33,  31,  32,  34,  35,  36,  35,  37,  37,  38,  40,  41,  42,  41,  43,  45,  44,  46,  47,  47,  49,  51,  50,  52,  53,  54,  53,  55,  56,  58,  59,  60,  59,  61,  63,  62,  64,  65,  65,  67,  69,  68,  70,  71,  72,  71,  73,  74,  76,  77,  78,  79,  81,  82,  83,  85,  87,  88,  89,  90,  91,  94,  95,  96,  97,  99, 100, 101, 103, 106, 107

  0,   1,   1,   1,   1,   1,   1,   1,   2,   2,   2,   3,   3,   3,   3,   4,   4,   4,   5,   5,   5,   5,   5,   6,   6,   7,   7,   7,   7,   7,   8,   8,   8,   9,   9,   9,   9,  10,  10,  10,  11,  11,  11,  11,  11,  12,  12,  13,  13,  13,  13,  13,  14,  14,  14,  15,  15,  15,  15,  16,  16,  16,  17,  17,  17,  17,  18,  18,  19,  19,  19,  19,  20,  20,  20,  21,  21,  21,  22,  22,  22,  23,  23,  23,  23,  24,  24,  25,  25,  25,  25,  26,  26,  27,  27,  28,  28,  29,  29,  29,  30,  31,  31,  31,  32,  33,  33,  34,  35,  35
  1,   0,   1,   2,   3,   4,   5,   6,   5,   7,   9,   7,   8,  10,  11,  11,  13,  15,  13,  14,  16,  17,  18,  17,  19,  19,  20,  22,  23,  24,  23,  25,  27,  25,  26,  28,  29,  29,  31,  33,  31,  32,  34,  35,  36,  35,  37,  37,  38,  40,  41,  42,  41,  43,  45,  43,  44,  46,  47,  47,  49,  51,  50,  52,  53,  54,  53,  55,  56,  58,  59,  60,  59,  61,  63,  62,  64,  65,  65,  67,  69,  68,  70,  71,  72,  71,  73,  74,  76,  77,  78,  79,  81,  82,  83,  85,  87,  88,  89,  90,  91,  94,  95,  96,  97, 100, 101, 103, 106, 107

  0,   1,   1,   1,   1,   1,   1,   1,   2,   2,   2,   3,   3,   3,   3,   4,   4,   4,   5,   5,   5,   5,   5,   6,   6,   7,   7,   7,   7,   7,   8,   8,   8,   9,   9,   9,   9,  10,  10,  10,  11,  11,  11,  11,  11,  12,  12,  13,  13,  13,  13,  13,  14,  14,  14,  15,  15,  15,  15,  16,  16,  16,  17,  17,  17,  17,  18,  18,  19,  19,  19,  19,  20,  20,  20,  21,  21,  21,  22,  22,  22,  23,  23,  23,  23,  24,  24,  25,  25,  25,  25,  26,  26,  26,  27,  27,  28,  28,  29,  29,  29,  30,  31,  31,  32,  33,  33,  34,  35,  35
  1,   0,   1,   2,   3,   4,   5,   6,   5,   7,   9,   7,   8,  10,  11,  11,  13,  15,  13,  14,  16,  17,  18,  17,  19,  19,  20,  22,  23,  24,  23,  25,  27,  25,  26,  28,  29,  29,  31,  33,  31,  32,  34,  35,  36,  35,  37,  37,  38,  40,  41,  42,  41,  43,  45,  43,  44,  46,  47,  47,  49,  51,  50,  52,  53,  54,  53,  55,  56,  58,  59,  60,  59,  61,  63,  62,  64,  65,  65,  67,  69,  68,  70,  71,  72,  71,  73,  74,  76,  77,  78,  77,  79,  81,  82,  83,  85,  87,  88,  89,  90,  91,  94,  95,  97, 100, 101, 103, 106, 107

  0,   1,   1,   1,   1,   1,   1,   1,   2,   2,   2,   3,   3,   3,   3,   4,   4,   4,   5,   5,   5,   5,   5,   6,   6,   7,   7,   7,   7,   7,   8,   8,   8,   9,   9,   9,   9,  10,  10,  10,  11,  11,  11,  11,  11,  12,  12,  13,  13,  13,  13,  13,  14,  14,  14,  15,  15,  15,  15,  16,  16,  16,  17,  17,  17,  17,  17,  18,  18,  19,  19,  19,  19,  20,  20,  20,  21,  21,  21,  22,  22,  22,  23,  23,  23,  23,  24,  24,  25,  25,  25,  25,  26,  26,  26,  27,  27,  28,  28,  29,  29,  30,  31,  31,  32,  33,  33,  34,  35,  35
  1,   0,   1,   2,   3,   4,   5,   6,   5,   7,   9,   7,   8,  10,  11,  11,  13,  15,  13,  14,  16,  17,  18,  17,  19,  19,  20,  22,  23,  24,  23,  25,  27,  25,  26,  28,  29,  29,  31,  33,  31,  32,  34,  35,  36,  35,  37,  37,  38,  40,  41,  42,  41,  43,  45,  43,  44,  46,  47,  47,  49,  51,  49,  50,  52,  53,  54,  53,  55,  56,  58,  59,  60,  59,  61,  63,  62,  64,  65,  65,  67,  69,  68,  70,  71,  72,  71,  73,  74,  76,  77,  78,  77,  79,  81,  82,  83,  85,  87,  88,  89,  91,  94,  95,  97, 100, 101, 103, 106, 107

  0,   1,   1,   1,   1,   1,   1,   1,   2,   2,   2,   3,   3,   3,   3,   4,   4,   4,   5,   5,   5,   5,   5,   6,   6,   7,   7,   7,   7,   7,   8,   8,   8,   9,   9,   9,   9,  10,  10,  10,  11,  11,  11,  11,  11,  12,  12,  13,  13,  13,  13,  13,  14,  14,  14,  15,  15,  15,  15,  16,  16,  16,  17,  17,  17,  17,  17,  18,  18,  19,  19,  19,  19,  20,  20,  20,  21,  21,  21,  22,  22,  22,  23,  23,  23,  23,  24,  24,  25,  25,  25,  25,  26,  26,  26,  27,  27,  27,  28,  29,  29,  30,  31,  31,  32,  33,  33,  34,  35,  35
  1,   0,   1,   2,   3,   4,   5,   6,   5,   7,   9,   7,   8,  10,  11,  11,  13,  15,  13,  14,  16,  17,  18,  17,  19,  19,  20,  22,  23,  24,  23,  25,  27,  25,  26,  28,  29,  29,  31,  33,  31,  32,  34,  35,  36,  35,  37,  37,  38,  40,  41,  42,  41,  43,  45,  43,  44,  46,  47,  47,  49,  51,  49,  50,  52,  53,  54,  53,  55,  56,  58,  59,  60,  59,  61,  63,  62,  64,  65,  65,  67,  69,  68,  70,  71,  72,  71,  73,  74,  76,  77,  78,  77,  79,  81,  80,  82,  83,  85,  88,  89,  91,  94,  95,  97, 100, 101, 103, 106, 107

