  0,   1,   1,   1,   1,   1,   1,   1,   1,   1,   1,   1,   1,   1,   1,   1,   1,   1,   1,   1,   1,   1,   1,   1,   1,   1,   1,   1,   1,   1,   1,   1,   1,   1,   1,   1,   1,   1,   1,   1,   1,   1,   1,   1,   1,   1,   1,   1,   1,   1,   1,   1,   1,   1,   1,   1,   1,   1,   1,   1,   1,   1,   1,   1,   1,   1,   1,   1,   1,   1,   1,   1,   1,   1,   1,   1,   1,   1,   1,   1,   1,   1,   1,   1,   1,   1,   1,   1,   1,   1,   1,   1,   1,   1,   1,   1,   1,   1,   1,   1,   1,   1,   1,   1,   1,   1,   1,   1,   1,   1,   1,   2
  1,   0,   1,   2,   3,   4,   5,   6,   7,   8,   9,  10,  11,  12,  13,  14,  15,  16,  17,  18,  19,  20,  21,  22,  23,  24,  25,  26,  27,  28,  29,  30,  31,  32,  33,  34,  35,  36,  37,  38,  39,  40,  41,  42,  43,  44,  45,  46,  47,  48,  49,  50,  51,  52,  53,  54,  55,  56,  57,  58,  59,  60,  61,  62,  63,  64,  65,  66,  67,  68,  69,  70,  71,  72,  73,  74,  75,  76,  77,  78,  79,  80,  81,  82,  83,  84,  85,  86,  87,  88,  89,  90,  91,  92,  93,  94,  95,  96,  97,  98,  99, 100, 101, 102, 103, 104, 105, 106, 107, 108, 109, 109

  0,   1,   1,   1,   1,   1,   1,   1,   1,   1,   1,   1,   1,   1,   1,   1,   1,   1,   1,   1,   1,   1,   1,   1,   1,   1,   1,   1,   1,   1,   1,   1,   1,   1,   1,   1,   1,   1,   1,   1,   1,   1,   1,   1,   1,   1,   1,   1,   1,   1,   1,   1,   1,   1,   1,   1,   1,   1,   1,   1,   1,   1,   1,   1,   1,   1,   1,   1,   1,   1,   1,   1,   1,   1,   1,   1,   1,   1,   1,   1,   1,   1,   1,   1,   1,   1,   1,   1,   1,   1,   1,   1,   1,   1,   1,   1,   1,   1,   1,   1,   1,   1,   1,   1,   1,   1,   1,   1,   1,   1,   1,   2
  1,   0,   1,   2,   3,   4,   5,   6,   7,   8,   9,  10,  11,  12,  13,  14,  15,  16,  17,  18,  19,  20,  21,  22,  23,  24,  25,  26,  27,  28,  29,  30,  31,  32,  33,  34,  35,  36,  37,  38,  39,  40,  41,  42,  43,  44,  45,  46,  47,  48,  49,  50,  51,  52,  53,  54,  55,  56,  57,  58,  59,  60,  61,  62,  63,  64,  65,  66,  67,  68,  69,  70,  71,  72,  73,  74,  75,  76,  77,  78,  79,  80,  81,  82,  83,  84,  85,  86,  87,  88,  89,  90,  91,  92,  93,  94,  95,  96,  97,  98,  99, 100, 101, 102, 103, 104, 105, 106, 107, 108, 109, 109

  0,   1,   1,   1,   1,   1,   1,   1,   1,   1,   1,   1,   1,   1,   1,   1,   1,   1,   1,   1,   1,   1,   1,   1,   1,   1,   1,   1,   1,   1,   1,   1,   1,   1,   1,   1,   1,   1,   1,   1,   1,   1,   1,   1,   1,   1,   1,   1,   1,   1,   1,   1,   1,   1,   1,   1,   1,   1,   1,   1,   1,   1,   1,   1,   1,   1,   1,   1,   1,   1,   1,   1,   1,   1,   1,   1,   1,   1,   1,   1,   1,   1,   1,   1,   1,   1,   1,   1,   1,   1,   1,   1,   1,   1,   1,   1,   1,   1,   1,   1,   1,   1,   1,   1,   1,   1,   1,   1,   1,   1,   2,   2
  1,   0,   1,   2,   3,   4,   5,   6,   7,   8,   9,  10,  11,  12,  13,  14,  15,  16,  17,  18,  19,  20,  21,  22,  23,  24,  25,  26,  27,  28,  29,  30,  31,  32,  33,  34,  35,  36,  37,  38,  39,  40,  41,  42,  43,  44,  45,  46,  47,  48,  49,  50,  51,  52,  53,  54,  55,  56,  57,  58,  59,  60,  61,  62,  63,  64,  65,  66,  67,  68,  69,  70,  71,  72,  73,  74,  75,  76,  77,  78,  79,  80,  81,  82,  83,  84,  85,  86,  87,  88,  89,  90,  91,  92,  93,  94,  95,  96,  97,  98,  99, 100, 101, 102, 103, 104, 105, 106, 107, 108, 107, 109

  0,   1,   1,   1,   1,   1,   1,   1,   1,   1,   1,   1,   1,   1,   1,   1,   1,   1,   1,   1,   1,   1,   1,   1,   1,   1,   1,   1,   1,   1,   1,   1,   1,   1,   1,   1,   1,   1,   1,   1,   1,   1,   1,   1,   1,   1,   1,   1,   1,   1,   1,   1,   1,   1,   1,   1,   1,   1,   1,   1,   1,   1,   1,   1,   1,   1,   1,   1,   1,   1,   1,   1,   1,   1,   1,   1,   1,   1,   1,   1,   1,   1,   1,   1,   1,   1,   1,   1,   1,   1,   1,   1,   1,   1,   1,   1,   1,   1,   1,   1,   1,   1,   1,   1,   1,   1,   1,   1,   1,   2,   2,   2
  1,   0,   1,   2,   3,   4,   5,   6,   7,   8,   9,  10,  11,  12,  13,  14,  15,  16,  17,  18,  19,  20,  21,  22,  23,  24,  25,  26,  27,  28,  29,  30,  31,  32,  33,  34,  35,  36,  37,  38,  39,  40,  41,  42,  43,  44,  45,  46,  47,  48,  49,  50,  51,  52,  53,  54,  55,  56,  57,  58,  59,  60,  61,  62,  63,  64,  65,  66,  67,  68,  69,  70,  71,  72,  73,  74,  75,  76,  77,  78,  79,  80,  81,  82,  83,  84,  85,  86,  87,  88,  89,  90,  91,  92,  93,  94,  95,  96,  97,  98,  99, 100, 101, 102, 103, 104, 105, 106, 107, 105, 107, 109

  0,   1,   1,   1,   1,   1,   1,   1,   1,   1,   1,   1,   1,   1,   1,   1,   1,   1,   1,   1,   1,   1,   1,   1,   1,   1,   1,   1,   1,   1,   1,   1,   1,   1,   1,   1,   1,   1,   1,   1,   1,   1,   1,   1,   1,   1,   1,   1,   1,   1,   1,   1,   1,   1,   1,   1,   1,   1,   1,   1,   1,   1,   1,   1,   1,   1,   1,   1,   1,   1,   1,   1,   1,   1,   1,   1,   1,   1,   1,   1,   1,   1,   1,   1,   1,   1,   1,   1,   1,   1,   1,   1,   1,   1,   1,   1,   1,   1,   1,   1,   1,   1,   1,   1,   1,   1,   1,   1,   2,   2,   2,   2
  1,   0,   1,   2,   3,   4,   5,   6,   7,   8,   9,  10,  11,  12,  13,  14,  15,  16,  17,  18,  19,  20,  21,  22,  23,  24,  25,  26,  27,  28,  29,  30,  31,  32,  33,  34,  35,  36,  37,  38,  39,  40,  41,  42,  43,  44,  45,  46,  47,  48,  49,  50,  51,  52,  53,  54,  55,  56,  57,  58,  59,  60,  61,  62,  63,  64,  65,  66,  67,  68,  69,  70,  71,  72,  73,  74,  75,  76,  77,  78,  79,  80,  81,  82,  83,  84,  85,  86,  87,  88,  89,  90,  91,  92,  93,  94,  95,  96,  97,  98,  99, 100, 101, 102, 103, 104, 105, 106, 103, 105, 107, 109

  0,   1,   1,   1,   1,   1,   1,   1,   1,   1,   1,   1,   1,   1,   1,   1,   1,   1,   1,   1,   1,   1,   1,   1,   1,   1,   1,   1,   1,   1,   1,   1,   1,   1,   1,   1,   1,   1,   1,   1,   1,   1,   1,   1,   1,   1,   1,   1,   1,   1,   1,   1,   1,   1,   1,   1,   1,   1,   1,   1,   1,   1,   1,   1,   1,   1,   1,   1,   1,   1,   1,   1,   1,   1,   1,   1,   1,   1,   1,   1,   1,   1,   1,   1,   1,   1,   1,   1,   1,   1,   1,   1,   1,   1,   1,   1,   1,   1,   1,   1,   1,   1,   1,   1,   1,   1,   1,   2,   2,   2,   2,   2
  1,   0,   1,   2,   3,   4,   5,   6,   7,   8,   9,  10,  11,  12,  13,  14,  15,  16,  17,  18,  19,  20,  21,  22,  23,  24,  25,  26,  27,  28,  29,  30,  31,  32,  33,  34,  35,  36,  37,  38,  39,  40,  41,  42,  43,  44,  45,  46,  47,  48,  49,  50,  51,  52,  53,  54,  55,  56,  57,  58,  59,  60,  61,  62,  63,  64,  65,  66,  67,  68,  69,  70,  71,  72,  73,  74,  75,  76,  77,  78,  79,  80,  81,  82,  83,  84,  85,  86,  87,  88,  89,  90,  91,  92,  93,  94,  95,  96,  97,  98,  99, 100, 101, 102, 103, 104, 105, 101, 103, 105, 107, 109

  0,   1,   1,   1,   1,   1,   1,   1,   1,   1,   1,   1,   1,   1,   1,   1,   1,   1,   1,   1,   1,   1,   1,   1,   1,   1,   1,   1,   1,   1,   1,   1,   1,   1,   1,   1,   1,   1,   1,   1,   1,   1,   1,   1,   1,   1,   1,   1,   1,   1,   1,   1,   1,   1,   1,   1,   1,   1,   1,   1,   1,   1,   1,   1,   1,   1,   1,   1,   1,   1,   1,   1,   1,   1,   1,   1,   1,   1,   1,   1,   1,   1,   1,   1,   1,   1,   1,   1,   1,   1,   1,   1,   1,   1,   1,   1,   1,   1,   1,   1,   1,   1,   1,   1,   1,   1,   2,   2,   2,   2,   2,   2
  1,   0,   1,   2,   3,   4,   5,   6,   7,   8,   9,  10,  11,  12,  13,  14,  15,  16,  17,  18,  19,  20,  21,  22,  23,  24,  25,  26,  27,  28,  29,  30,  31,  32,  33,  34,  35,  36,  37,  38,  39,  40,  41,  42,  43,  44,  45,  46,  47,  48,  49,  50,  51,  52,  53,  54,  55,  56,  57,  58,  59,  60,  61,  62,  63,  64,  65,  66,  67,  68,  69,  70,  71,  72,  73,  74,  75,  76,  77,  78,  79,  80,  81,  82,  83,  84,  85,  86,  87,  88,  89,  90,  91,  92,  93,  94,  95,  96,  97,  98,  99, 100, 101, 102, 103, 104,  99, 101, 103, 105, 107, 109

  0,   1,   1,   1,   1,   1,   1,   1,   1,   1,   1,   1,   1,   1,   1,   1,   1,   1,   1,   1,   1,   1,   1,   1,   1,   1,   1,   1,   1,   1,   1,   1,   1,   1,   1,   1,   1,   1,   1,   1,   1,   1,   1,   1,   1,   1,   1,   1,   1,   1,   1,   1,   1,   1,   1,   1,   1,   1,   1,   1,   1,   1,   1,   1,   1,   1,   1,   1,   1,   1,   1,   1,   1,   1,   1,   1,   1,   1,   1,   1,   1,   1,   1,   1,   1,   1,   1,   1,   1,   1,   1,   1,   1,   1,   1,   1,   1,   1,   1,   1,   1,   1,   1,   1,   1,   2,   2,   2,   2,   2,   2,   2
  1,   0,   1,   2,   3,   4,   5,   6,   7,   8,   9,  10,  11,  12,  13,  14,  15,  16,  17,  18,  19,  20,  21,  22,  23,  24,  25,  26,  27,  28,  29,  30,  31,  32,  33,  34,  35,  36,  37,  38,  39,  40,  41,  42,  43,  44,  45,  46,  47,  48,  49,  50,  51,  52,  53,  54,  55,  56,  57,  58,  59,  60,  61,  62,  63,  64,  65,  66,  67,  68,  69,  70,  71,  72,  73,  74,  75,  76,  77,  78,  79,  80,  81,  82,  83,  84,  85,  86,  87,  88,  89,  90,  91,  92,  93,  94,  95,  96,  97,  98,  99, 100, 101, 102, 103,  97,  99, 101, 103, 105, 107, 109

  0,   1,   1,   1,   1,   1,   1,   1,   1,   1,   1,   1,   1,   1,   1,   1,   1,   1,   1,   1,   1,   1,   1,   1,   1,   1,   1,   1,   1,   1,   1,   1,   1,   1,   1,   1,   1,   1,   1,   1,   1,   1,   1,   1,   1,   1,   1,   1,   1,   1,   1,   1,   1,   1,   1,   1,   1,   1,   1,   1,   1,   1,   1,   1,   1,   1,   1,   1,   1,   1,   1,   1,   1,   1,   1,   1,   1,   1,   1,   1,   1,   1,   1,   1,   1,   1,   1,   1,   1,   1,   1,   1,   1,   1,   1,   1,   1,   1,   1,   1,   1,   1,   1,   1,   2,   2,   2,   2,   2,   2,   2,   2
  1,   0,   1,   2,   3,   4,   5,   6,   7,   8,   9,  10,  11,  12,  13,  14,  15,  16,  17,  18,  19,  20,  21,  22,  23,  24,  25,  26,  27,  28,  29,  30,  31,  32,  33,  34,  35,  36,  37,  38,  39,  40,  41,  42,  43,  44,  45,  46,  47,  48,  49,  50,  51,  52,  53,  54,  55,  56,  57,  58,  59,  60,  61,  62,  63,  64,  65,  66,  67,  68,  69,  70,  71,  72,  73,  74,  75,  76,  77,  78,  79,  80,  81,  82,  83,  84,  85,  86,  87,  88,  89,  90,  91,  92,  93,  94,  95,  96,  97,  98,  99, 100, 101, 102,  95,  97,  99, 101, 103, 105, 107, 109

  0,   1,   1,   1,   1,   1,   1,   1,   1,   1,   1,   1,   1,   1,   1,   1,   1,   1,   1,   1,   1,   1,   1,   1,   1,   1,   1,   1,   1,   1,   1,   1,   1,   1,   1,   1,   1,   1,   1,   1,   1,   1,   1,   1,   1,   1,   1,   1,   1,   1,   1,   1,   1,   1,   1,   1,   1,   1,   1,   1,   1,   1,   1,   1,   1,   1,   1,   1,   1,   1,   1,   1,   1,   1,   1,   1,   1,   1,   1,   1,   1,   1,   1,   1,   1,   1,   1,   1,   1,   1,   1,   1,   1,   1,   1,   1,   1,   1,   1,   1,   1,   1,   1,   2,   2,   2,   2,   2,   2,   2,   2,   2
  1,   0,   1,   2,   3,   4,   5,   6,   7,   8,   9,  10,  11,  12,  13,  14,  15,  16,  17,  18,  19,  20,  21,  22,  23,  24,  25,  26,  27,  28,  29,  30,  31,  32,  33,  34,  35,  36,  37,  38,  39,  40,  41,  42,  43,  44,  45,  46,  47,  48,  49,  50,  51,  52,  53,  54,  55,  56,  57,  58,  59,  60,  61,  62,  63,  64,  65,  66,  67,  68,  69,  70,  71,  72,  73,  74,  75,  76,  77,  78,  79,  80,  81,  82,  83,  84,  85,  86,  87,  88,  89,  90,  91,  92,  93,  94,  95,  96,  97,  98,  99, 100, 101,  93,  95,  97,  99, 101, 103, 105, 107, 109

  0,   1,   1,   1,   1,   1,   1,   1,   1,   1,   1,   1,   1,   1,   1,   1,   1,   1,   1,   1,   1,   1,   1,   1,   1,   1,   1,   1,   1,   1,   1,   1,   1,   1,   1,   1,   1,   1,   1,   1,   1,   1,   1,   1,   1,   1,   1,   1,   1,   1,   1,   1,   1,   1,   1,   1,   1,   1,   1,   1,   1,   1,   1,   1,   1,   1,   1,   1,   1,   1,   1,   1,   1,   1,   1,   1,   1,   1,   1,   1,   1,   1,   1,   1,   1,   1,   1,   1,   1,   1,   1,   1,   1,   1,   1,   1,   1,   1,   1,   1,   1,   1,   2,   2,   2,   2,   2,   2,   2,   2,   2,   2
  1,   0,   1,   2,   3,   4,   5,   6,   7,   8,   9,  10,  11,  12,  13,  14,  15,  16,  17,  18,  19,  20,  21,  22,  23,  24,  25,  26,  27,  28,  29,  30,  31,  32,  33,  34,  35,  36,  37,  38,  39,  40,  41,  42,  43,  44,  45,  46,  47,  48,  49,  50,  51,  52,  53,  54,  55,  56,  57,  58,  59,  60,  61,  62,  63,  64,  65,  66,  67,  68,  69,  70,  71,  72,  73,  74,  75,  76,  77,  78,  79,  80,  81,  82,  83,  84,  85,  86,  87,  88,  89,  90,  91,  92,  93,  94,  95,  96,  97,  98,  99, 100,  91,  93,  95,  97,  99, 101, 103, 105, 107, 109

  0,   1,   1,   1,   1,   1,   1,   1,   1,   1,   1,   1,   1,   1,   1,   1,   1,   1,   1,   1,   1,   1,   1,   1,   1,   1,   1,   1,   1,   1,   1,   1,   1,   1,   1,   1,   1,   1,   1,   1,   1,   1,   1,   1,   1,   1,   1,   1,   1,   1,   1,   1,   1,   1,   1,   1,   1,   1,   1,   1,   1,   1,   1,   1,   1,   1,   1,   1,   1,   1,   1,   1,   1,   1,   1,   1,   1,   1,   1,   1,   1,   1,   1,   1,   1,   1,   1,   1,   1,   1,   1,   1,   1,   1,   1,   1,   1,   1,   1,   1,   1,   2,   2,   2,   2,   2,   2,   2,   2,   2,   2,   2
  1,   0,   1,   2,   3,   4,   5,   6,   7,   8,   9,  10,  11,  12,  13,  14,  15,  16,  17,  18,  19,  20,  21,  22,  23,  24,  25,  26,  27,  28,  29,  30,  31,  32,  33,  34,  35,  36,  37,  38,  39,  40,  41,  42,  43,  44,  45,  46,  47,  48,  49,  50,  51,  52,  53,  54,  55,  56,  57,  58,  59,  60,  61,  62,  63,  64,  65,  66,  67,  68,  69,  70,  71,  72,  73,  74,  75,  76,  77,  78,  79,  80,  81,  82,  83,  84,  85,  86,  87,  88,  89,  90,  91,  92,  93,  94,  95,  96,  97,  98,  99,  89,  91,  93,  95,  97,  99, 101, 103, 105, 107, 109

  0,   1,   1,   1,   1,   1,   1,   1,   1,   1,   1,   1,   1,   1,   1,   1,   1,   1,   1,   1,   1,   1,   1,   1,   1,   1,   1,   1,   1,   1,   1,   1,   1,   1,   1,   1,   1,   1,   1,   1,   1,   1,   1,   1,   1,   1,   1,   1,   1,   1,   1,   1,   1,   1,   1,   1,   1,   1,   1,   1,   1,   1,   1,   1,   1,   1,   1,   1,   1,   1,   1,   1,   1,   1,   1,   1,   1,   1,   1,   1,   1,   1,   1,   1,   1,   1,   1,   1,   1,   1,   1,   1,   1,   1,   1,   1,   1,   1,   1,   1,   2,   2,   2,   2,   2,   2,   2,   2,   2,   2,   2,   2
  1,   0,   1,   2,   3,   4,   5,   6,   7,   8,   9,  10,  11,  12,  13,  14,  15,  16,  17,  18,  19,  20,  21,  22,  23,  24,  25,  26,  27,  28,  29,  30,  31,  32,  33,  34,  35,  36,  37,  38,  39,  40,  41,  42,  43,  44,  45,  46,  47,  48,  49,  50,  51,  52,  53,  54,  55,  56,  57,  58,  59,  60,  61,  62,  63,  64,  65,  66,  67,  68,  69,  70,  71,  72,  73,  74,  75,  76,  77,  78,  79,  80,  81,  82,  83,  84,  85,  86,  87,  88,  89,  90,  91,  92,  93,  94,  95,  96,  97,  98,  87,  89,  91,  93,  95,  97,  99, 101, 103, 105, 107, 109

  0,   1,   1,   1,   1,   1,   1,   1,   1,   1,   1,   1,   1,   1,   1,   1,   1,   1,   1,   1,   1,   1,   1,   1,   1,   1,   1,   1,   1,   1,   1,   1,   1,   1,   1,   1,   1,   1,   1,   1,   1,   1,   1,   1,   1,   1,   1,   1,   1,   1,   1,   1,   1,   1,   1,   1,   1,   1,   1,   1,   1,   1,   1,   1,   1,   1,   1,   1,   1,   1,   1,   1,   1,   1,   1,   1,   1,   1,   1,   1,   1,   1,   1,   1,   1,   1,   1,   1,   1,   1,   1,   1,   1,   1,   1,   1,   1,   1,   1,   2,   2,   2,   2,   2,   2,   2,   2,   2,   2,   2,   2,   2
  1,   0,   1,   2,   3,   4,   5,   6,   7,   8,   9,  10,  11,  12,  13,  14,  15,  16,  17,  18,  19,  20,  21,  22,  23,  24,  25,  26,  27,  28,  29,  30,  31,  32,  33,  34,  35,  36,  37,  38,  39,  40,  41,  42,  43,  44,  45,  46,  47,  48,  49,  50,  51,  52,  53,  54,  55,  56,  57,  58,  59,  60,  61,  62,  63,  64,  65,  66,  67,  68,  69,  70,  71,  72,  73,  74,  75,  76,  77,  78,  79,  80,  81,  82,  83,  84,  85,  86,  87,  88,  89,  90,  91,  92,  93,  94,  95,  96,  97,  85,  87,  89,  91,  93,  95,  97,  99, 101, 103, 105, 107, 109

  0,   1,   1,   1,   1,   1,   1,   1,   1,   1,   1,   1,   1,   1,   1,   1,   1,   1,   1,   1,   1,   1,   1,   1,   1,   1,   1,   1,   1,   1,   1,   1,   1,   1,   1,   1,   1,   1,   1,   1,   1,   1,   1,   1,   1,   1,   1,   1,   1,   1,   1,   1,   1,   1,   1,   1,   1,   1,   1,   1,   1,   1,   1,   1,   1,   1,   1,   1,   1,   1,   1,   1,   1,   1,   1,   1,   1,   1,   1,   1,   1,   1,   1,   1,   1,   1,   1,   1,   1,   1,   1,   1,   1,   1,   1,   1,   1,   1,   2,   2,   2,   2,   2,   2,   2,   2,   2,   2,   2,   2,   2,   2
  1,   0,   1,   2,   3,   4,   5,   6,   7,   8,   9,  10,  11,  12,  13,  14,  15,  16,  17,  18,  19,  20,  21,  22,  23,  24,  25,  26,  27,  28,  29,  30,  31,  32,  33,  34,  35,  36,  37,  38,  39,  40,  41,  42,  43,  44,  45,  46,  47,  48,  49,  50,  51,  52,  53,  54,  55,  56,  57,  58,  59,  60,  61,  62,  63,  64,  65,  66,  67,  68,  69,  70,  71,  72,  73,  74,  75,  76,  77,  78,  79,  80,  81,  82,  83,  84,  85,  86,  87,  88,  89,  90,  91,  92,  93,  94,  95,  96,  83,  85,  87,  89,  91,  93,  95,  97,  99, 101, 103, 105, 107, 109

  0,   1,   1,   1,   1,   1,   1,   1,   1,   1,   1,   1,   1,   1,   1,   1,   1,   1,   1,   1,   1,   1,   1,   1,   1,   1,   1,   1,   1,   1,   1,   1,   1,   1,   1,   1,   1,   1,   1,   1,   1,   1,   1,   1,   1,   1,   1,   1,   1,   1,   1,   1,   1,   1,   1,   1,   1,   1,   1,   1,   1,   1,   1,   1,   1,   1,   1,   1,   1,   1,   1,   1,   1,   1,   1,   1,   1,   1,   1,   1,   1,   1,   1,   1,   1,   1,   1,   1,   1,   1,   1,   1,   1,   1,   1,   1,   1,   2,   2,   2,   2,   2,   2,   2,   2,   2,   2,   2,   2,   2,   2,   2
  1,   0,   1,   2,   3,   4,   5,   6,   7,   8,   9,  10,  11,  12,  13,  14,  15,  16,  17,  18,  19,  20,  21,  22,  23,  24,  25,  26,  27,  28,  29,  30,  31,  32,  33,  34,  35,  36,  37,  38,  39,  40,  41,  42,  43,  44,  45,  46,  47,  48,  49,  50,  51,  52,  53,  54,  55,  56,  57,  58,  59,  60,  61,  62,  63,  64,  65,  66,  67,  68,  69,  70,  71,  72,  73,  74,  75,  76,  77,  78,  79,  80,  81,  82,  83,  84,  85,  86,  87,  88,  89,  90,  91,  92,  93,  94,  95,  81,  83,  85,  87,  89,  91,  93,  95,  97,  99, 101, 103, 105, 107, 109

  0,   1,   1,   1,   1,   1,   1,   1,   1,   1,   1,   1,   1,   1,   1,   1,   1,   1,   1,   1,   1,   1,   1,   1,   1,   1,   1,   1,   1,   1,   1,   1,   1,   1,   1,   1,   1,   1,   1,   1,   1,   1,   1,   1,   1,   1,   1,   1,   1,   1,   1,   1,   1,   1,   1,   1,   1,   1,   1,   1,   1,   1,   1,   1,   1,   1,   1,   1,   1,   1,   1,   1,   1,   1,   1,   1,   1,   1,   1,   1,   1,   1,   1,   1,   1,   1,   1,   1,   1,   1,   1,   1,   1,   1,   1,   1,   2,   2,   2,   2,   2,   2,   2,   2,   2,   2,   2,   2,   2,   2,   2,   2
  1,   0,   1,   2,   3,   4,   5,   6,   7,   8,   9,  10,  11,  12,  13,  14,  15,  16,  17,  18,  19,  20,  21,  22,  23,  24,  25,  26,  27,  28,  29,  30,  31,  32,  33,  34,  35,  36,  37,  38,  39,  40,  41,  42,  43,  44,  45,  46,  47,  48,  49,  50,  51,  52,  53,  54,  55,  56,  57,  58,  59,  60,  61,  62,  63,  64,  65,  66,  67,  68,  69,  70,  71,  72,  73,  74,  75,  76,  77,  78,  79,  80,  81,  82,  83,  84,  85,  86,  87,  88,  89,  90,  91,  92,  93,  94,  79,  81,  83,  85,  87,  89,  91,  93,  95,  97,  99, 101, 103, 105, 107, 109

  0,   1,   1,   1,   1,   1,   1,   1,   1,   1,   1,   1,   1,   1,   1,   1,   1,   1,   1,   1,   1,   1,   1,   1,   1,   1,   1,   1,   1,   1,   1,   1,   1,   1,   1,   1,   1,   1,   1,   1,   1,   1,   1,   1,   1,   1,   1,   1,   1,   1,   1,   1,   1,   1,   1,   1,   1,   1,   1,   1,   1,   1,   1,   1,   1,   1,   1,   1,   1,   1,   1,   1,   1,   1,   1,   1,   1,   1,   1,   1,   1,   1,   1,   1,   1,   1,   1,   1,   1,   1,   1,   1,   1,   1,   1,   2,   2,   2,   2,   2,   2,   2,   2,   2,   2,   2,   2,   2,   2,   2,   2,   2
  1,   0,   1,   2,   3,   4,   5,   6,   7,   8,   9,  10,  11,  12,  13,  14,  15,  16,  17,  18,  19,  20,  21,  22,  23,  24,  25,  26,  27,  28,  29,  30,  31,  32,  33,  34,  35,  36,  37,  38,  39,  40,  41,  42,  43,  44,  45,  46,  47,  48,  49,  50,  51,  52,  53,  54,  55,  56,  57,  58,  59,  60,  61,  62,  63,  64,  65,  66,  67,  68,  69,  70,  71,  72,  73,  74,  75,  76,  77,  78,  79,  80,  81,  82,  83,  84,  85,  86,  87,  88,  89,  90,  91,  92,  93,  77,  79,  81,  83,  85,  87,  89,  91,  93,  95,  97,  99, 101, 103, 105, 107, 109

  0,   1,   1,   1,   1,   1,   1,   1,   1,   1,   1,   1,   1,   1,   1,   1,   1,   1,   1,   1,   1,   1,   1,   1,   1,   1,   1,   1,   1,   1,   1,   1,   1,   1,   1,   1,   1,   1,   1,   1,   1,   1,   1,   1,   1,   1,   1,   1,   1,   1,   1,   1,   1,   1,   1,   1,   1,   1,   1,   1,   1,   1,   1,   1,   1,   1,   1,   1,   1,   1,   1,   1,   1,   1,   1,   1,   1,   1,   1,   1,   1,   1,   1,   1,   1,   1,   1,   1,   1,   1,   1,   1,   1,   1,   2,   2,   2,   2,   2,   2,   2,   2,   2,   2,   2,   2,   2,   2,   2,   2,   2,   2
  1,   0,   1,   2,   3,   4,   5,   6,   7,   8,   9,  10,  11,  12,  13,  14,  15,  16,  17,  18,  19,  20,  21,  22,  23,  24,  25,  26,  27,  28,  29,  30,  31,  32,  33,  34,  35,  36,  37,  38,  39,  40,  41,  42,  43,  44,  45,  46,  47,  48,  49,  50,  51,  52,  53,  54,  55,  56,  57,  58,  59,  60,  61,  62,  63,  64,  65,  66,  67,  68,  69,  70,  71,  72,  73,  74,  75,  76,  77,  78,  79,  80,  81,  82,  83,  84,  85,  86,  87,  88,  89,  90,  91,  92,  75,  77,  79,  81,  83,  85,  87,  89,  91,  93,  95,  97,  99, 101, 103, 105, 107, 109

  0,   1,   1,   1,   1,   1,   1,   1,   1,   1,   1,   1,   1,   1,   1,   1,   1,   1,   1,   1,   1,   1,   1,   1,   1,   1,   1,   1,   1,   1,   1,   1,   1,   1,   1,   1,   1,   1,   1,   1,   1,   1,   1,   1,   1,   1,   1,   1,   1,   1,   1,   1,   1,   1,   1,   1,   1,   1,   1,   1,   1,   1,   1,   1,   1,   1,   1,   1,   1,   1,   1,   1,   1,   1,   1,   1,   1,   1,   1,   1,   1,   1,   1,   1,   1,   1,   1,   1,   1,   1,   1,   1,   1,   2,   2,   2,   2,   2,   2,   2,   2,   2,   2,   2,   2,   2,   2,   2,   2,   2,   2,   2
  1,   0,   1,   2,   3,   4,   5,   6,   7,   8,   9,  10,  11,  12,  13,  14,  15,  16,  17,  18,  19,  20,  21,  22,  23,  24,  25,  26,  27,  28,  29,  30,  31,  32,  33,  34,  35,  36,  37,  38,  39,  40,  41,  42,  43,  44,  45,  46,  47,  48,  49,  50,  51,  52,  53,  54,  55,  56,  57,  58,  59,  60,  61,  62,  63,  64,  65,  66,  67,  68,  69,  70,  71,  72,  73,  74,  75,  76,  77,  78,  79,  80,  81,  82,  83,  84,  85,  86,  87,  88,  89,  90,  91,  73,  75,  77,  79,  81,  83,  85,  87,  89,  91,  93,  95,  97,  99, 101, 103, 105, 107, 109

  0,   1,   1,   1,   1,   1,   1,   1,   1,   1,   1,   1,   1,   1,   1,   1,   1,   1,   1,   1,   1,   1,   1,   1,   1,   1,   1,   1,   1,   1,   1,   1,   1,   1,   1,   1,   1,   1,   1,   1,   1,   1,   1,   1,   1,   1,   1,   1,   1,   1,   1,   1,   1,   1,   1,   1,   1,   1,   1,   1,   1,   1,   1,   1,   1,   1,   1,   1,   1,   1,   1,   1,   1,   1,   1,   1,   1,   1,   1,   1,   1,   1,   1,   1,   1,   1,   1,   1,   1,   1,   1,   1,   2,   2,   2,   2,   2,   2,   2,   2,   2,   2,   2,   2,   2,   2,   2,   2,   2,   2,   2,   2
  1,   0,   1,   2,   3,   4,   5,   6,   7,   8,   9,  10,  11,  12,  13,  14,  15,  16,  17,  18,  19,  20,  21,  22,  23,  24,  25,  26,  27,  28,  29,  30,  31,  32,  33,  34,  35,  36,  37,  38,  39,  40,  41,  42,  43,  44,  45,  46,  47,  48,  49,  50,  51,  52,  53,  54,  55,  56,  57,  58,  59,  60,  61,  62,  63,  64,  65,  66,  67,  68,  69,  70,  71,  72,  73,  74,  75,  76,  77,  78,  79,  80,  81,  82,  83,  84,  85,  86,  87,  88,  89,  90,  71,  73,  75,  77,  79,  81,  83,  85,  87,  89,  91,  93,  95,  97,  99, 101, 103, 105, 107, 109

  0,   1,   1,   1,   1,   1,   1,   1,   1,   1,   1,   1,   1,   1,   1,   1,   1,   1,   1,   1,   1,   1,   1,   1,   1,   1,   1,   1,   1,   1,   1,   1,   1,   1,   1,   1,   1,   1,   1,   1,   1,   1,   1,   1,   1,   1,   1,   1,   1,   1,   1,   1,   1,   1,   1,   1,   1,   1,   1,   1,   1,   1,   1,   1,   1,   1,   1,   1,   1,   1,   1,   1,   1,   1,   1,   1,   1,   1,   1,   1,   1,   1,   1,   1,   1,   1,   1,   1,   1,   1,   1,   2,   2,   2,   2,   2,   2,   2,   2,   2,   2,   2,   2,   2,   2,   2,   2,   2,   2,   2,   2,   2
  1,   0,   1,   2,   3,   4,   5,   6,   7,   8,   9,  10,  11,  12,  13,  14,  15,  16,  17,  18,  19,  20,  21,  22,  23,  24,  25,  26,  27,  28,  29,  30,  31,  32,  33,  34,  35,  36,  37,  38,  39,  40,  41,  42,  43,  44,  45,  46,  47,  48,  49,  50,  51,  52,  53,  54,  55,  56,  57,  58,  59,  60,  61,  62,  63,  64,  65,  66,  67,  68,  69,  70,  71,  72,  73,  74,  75,  76,  77,  78,  79,  80,  81,  82,  83,  84,  85,  86,  87,  88,  89,  69,  71,  73,  75,  77,  79,  81,  83,  85,  87,  89,  91,  93,  95,  97,  99, 101, 103, 105, 107, 109

  0,   1,   1,   1,   1,   1,   1,   1,   1,   1,   1,   1,   1,   1,   1,   1,   1,   1,   1,   1,   1,   1,   1,   1,   1,   1,   1,   1,   1,   1,   1,   1,   1,   1,   1,   1,   1,   1,   1,   1,   1,   1,   1,   1,   1,   1,   1,   1,   1,   1,   1,   1,   1,   1,   1,   1,   1,   1,   1,   1,   1,   1,   1,   1,   1,   1,   1,   1,   1,   1,   1,   1,   1,   1,   1,   1,   1,   1,   1,   1,   1,   1,   1,   1,   1,   1,   1,   1,   1,   1,   2,   2,   2,   2,   2,   2,   2,   2,   2,   2,   2,   2,   2,   2,   2,   2,   2,   2,   2,   2,   2,   2
  1,   0,   1,   2,   3,   4,   5,   6,   7,   8,   9,  10,  11,  12,  13,  14,  15,  16,  17,  18,  19,  20,  21,  22,  23,  24,  25,  26,  27,  28,  29,  30,  31,  32,  33,  34,  35,  36,  37,  38,  39,  40,  41,  42,  43,  44,  45,  46,  47,  48,  49,  50,  51,  52,  53,  54,  55,  56,  57,  58,  59,  60,  61,  62,  63,  64,  65,  66,  67,  68,  69,  70,  71,  72,  73,  74,  75,  76,  77,  78,  79,  80,  81,  82,  83,  84,  85,  86,  87,  88,  67,  69,  71,  73,  75,  77,  79,  81,  83,  85,  87,  89,  91,  93,  95,  97,  99, 101, 103, 105, 107, 109

  0,   1,   1,   1,   1,   1,   1,   1,   1,   1,   1,   1,   1,   1,   1,   1,   1,   1,   1,   1,   1,   1,   1,   1,   1,   1,   1,   1,   1,   1,   1,   1,   1,   1,   1,   1,   1,   1,   1,   1,   1,   1,   1,   1,   1,   1,   1,   1,   1,   1,   1,   1,   1,   1,   1,   1,   1,   1,   1,   1,   1,   1,   1,   1,   1,   1,   1,   1,   1,   1,   1,   1,   1,   1,   1,   1,   1,   1,   1,   1,   1,   1,   1,   1,   1,   1,   1,   1,   1,   2,   2,   2,   2,   2,   2,   2,   2,   2,   2,   2,   2,   2,   2,   2,   2,   2,   2,   2,   2,   2,   2,   2
  1,   0,   1,   2,   3,   4,   5,   6,   7,   8,   9,  10,  11,  12,  13,  14,  15,  16,  17,  18,  19,  20,  21,  22,  23,  24,  25,  26,  27,  28,  29,  30,  31,  32,  33,  34,  35,  36,  37,  38,  39,  40,  41,  42,  43,  44,  45,  46,  47,  48,  49,  50,  51,  52,  53,  54,  55,  56,  57,  58,  59,  60,  61,  62,  63,  64,  65,  66,  67,  68,  69,  70,  71,  72,  73,  74,  75,  76,  77,  78,  79,  80,  81,  82,  83,  84,  85,  86,  87,  65,  67,  69,  71,  73,  75,  77,  79,  81,  83,  85,  87,  89,  91,  93,  95,  97,  99, 101, 103, 105, 107, 109

  0,   1,   1,   1,   1,   1,   1,   1,   1,   1,   1,   1,   1,   1,   1,   1,   1,   1,   1,   1,   1,   1,   1,   1,   1,   1,   1,   1,   1,   1,   1,   1,   1,   1,   1,   1,   1,   1,   1,   1,   1,   1,   1,   1,   1,   1,   1,   1,   1,   1,   1,   1,   1,   1,   1,   1,   1,   1,   1,   1,   1,   1,   1,   1,   1,   1,   1,   1,   1,   1,   1,   1,   1,   1,   1,   1,   1,   1,   1,   1,   1,   1,   1,   1,   1,   1,   1,   1,   2,   2,   2,   2,   2,   2,   2,   2,   2,   2,   2,   2,   2,   2,   2,   2,   2,   2,   2,   2,   2,   2,   2,   2
  1,   0,   1,   2,   3,   4,   5,   6,   7,   8,   9,  10,  11,  12,  13,  14,  15,  16,  17,  18,  19,  20,  21,  22,  23,  24,  25,  26,  27,  28,  29,  30,  31,  32,  33,  34,  35,  36,  37,  38,  39,  40,  41,  42,  43,  44,  45,  46,  47,  48,  49,  50,  51,  52,  53,  54,  55,  56,  57,  58,  59,  60,  61,  62,  63,  64,  65,  66,  67,  68,  69,  70,  71,  72,  73,  74,  75,  76,  77,  78,  79,  80,  81,  82,  83,  84,  85,  86,  63,  65,  67,  69,  71,  73,  75,  77,  79,  81,  83,  85,  87,  89,  91,  93,  95,  97,  99, 101, 103, 105, 107, 109

  0,   1,   1,   1,   1,   1,   1,   1,   1,   1,   1,   1,   1,   1,   1,   1,   1,   1,   1,   1,   1,   1,   1,   1,   1,   1,   1,   1,   1,   1,   1,   1,   1,   1,   1,   1,   1,   1,   1,   1,   1,   1,   1,   1,   1,   1,   1,   1,   1,   1,   1,   1,   1,   1,   1,   1,   1,   1,   1,   1,   1,   1,   1,   1,   1,   1,   1,   1,   1,   1,   1,   1,   1,   1,   1,   1,   1,   1,   1,   1,   1,   1,   1,   1,   1,   1,   1,   2,   2,   2,   2,   2,   2,   2,   2,   2,   2,   2,   2,   2,   2,   2,   2,   2,   2,   2,   2,   2,   2,   2,   2,   2
  1,   0,   1,   2,   3,   4,   5,   6,   7,   8,   9,  10,  11,  12,  13,  14,  15,  16,  17,  18,  19,  20,  21,  22,  23,  24,  25,  26,  27,  28,  29,  30,  31,  32,  33,  34,  35,  36,  37,  38,  39,  40,  41,  42,  43,  44,  45,  46,  47,  48,  49,  50,  51,  52,  53,  54,  55,  56,  57,  58,  59,  60,  61,  62,  63,  64,  65,  66,  67,  68,  69,  70,  71,  72,  73,  74,  75,  76,  77,  78,  79,  80,  81,  82,  83,  84,  85,  61,  63,  65,  67,  69,  71,  73,  75,  77,  79,  81,  83,  85,  87,  89,  91,  93,  95,  97,  99, 101, 103, 105, 107, 109

  0,   1,   1,   1,   1,   1,   1,   1,   1,   1,   1,   1,   1,   1,   1,   1,   1,   1,   1,   1,   1,   1,   1,   1,   1,   1,   1,   1,   1,   1,   1,   1,   1,   1,   1,   1,   1,   1,   1,   1,   1,   1,   1,   1,   1,   1,   1,   1,   1,   1,   1,   1,   1,   1,   1,   1,   1,   1,   1,   1,   1,   1,   1,   1,   1,   1,   1,   1,   1,   1,   1,   1,   1,   1,   1,   1,   1,   1,   1,   1,   1,   1,   1,   1,   1,   1,   2,   2,   2,   2,   2,   2,   2,   2,   2,   2,   2,   2,   2,   2,   2,   2,   2,   2,   2,   2,   2,   2,   2,   2,   2,   2
  1,   0,   1,   2,   3,   4,   5,   6,   7,   8,   9,  10,  11,  12,  13,  14,  15,  16,  17,  18,  19,  20,  21,  22,  23,  24,  25,  26,  27,  28,  29,  30,  31,  32,  33,  34,  35,  36,  37,  38,  39,  40,  41,  42,  43,  44,  45,  46,  47,  48,  49,  50,  51,  52,  53,  54,  55,  56,  57,  58,  59,  60,  61,  62,  63,  64,  65,  66,  67,  68,  69,  70,  71,  72,  73,  74,  75,  76,  77,  78,  79,  80,  81,  82,  83,  84,  59,  61,  63,  65,  67,  69,  71,  73,  75,  77,  79,  81,  83,  85,  87,  89,  91,  93,  95,  97,  99, 101, 103, 105, 107, 109

  0,   1,   1,   1,   1,   1,   1,   1,   1,   1,   1,   1,   1,   1,   1,   1,   1,   1,   1,   1,   1,   1,   1,   1,   1,   1,   1,   1,   1,   1,   1,   1,   1,   1,   1,   1,   1,   1,   1,   1,   1,   1,   1,   1,   1,   1,   1,   1,   1,   1,   1,   1,   1,   1,   1,   1,   1,   1,   1,   1,   1,   1,   1,   1,   1,   1,   1,   1,   1,   1,   1,   1,   1,   1,   1,   1,   1,   1,   1,   1,   1,   1,   1,   1,   1,   2,   2,   2,   2,   2,   2,   2,   2,   2,   2,   2,   2,   2,   2,   2,   2,   2,   2,   2,   2,   2,   2,   2,   2,   2,   2,   2
  1,   0,   1,   2,   3,   4,   5,   6,   7,   8,   9,  10,  11,  12,  13,  14,  15,  16,  17,  18,  19,  20,  21,  22,  23,  24,  25,  26,  27,  28,  29,  30,  31,  32,  33,  34,  35,  36,  37,  38,  39,  40,  41,  42,  43,  44,  45,  46,  47,  48,  49,  50,  51,  52,  53,  54,  55,  56,  57,  58,  59,  60,  61,  62,  63,  64,  65,  66,  67,  68,  69,  70,  71,  72,  73,  74,  75,  76,  77,  78,  79,  80,  81,  82,  83,  57,  59,  61,  63,  65,  67,  69,  71,  73,  75,  77,  79,  81,  83,  85,  87,  89,  91,  93,  95,  97,  99, 101, 103, 105, 107, 109

  0,   1,   1,   1,   1,   1,   1,   1,   1,   1,   1,   1,   1,   1,   1,   1,   1,   1,   1,   1,   1,   1,   1,   1,   1,   1,   1,   1,   1,   1,   1,   1,   1,   1,   1,   1,   1,   1,   1,   1,   1,   1,   1,   1,   1,   1,   1,   1,   1,   1,   1,   1,   1,   1,   1,   1,   1,   1,   1,   1,   1,   1,   1,   1,   1,   1,   1,   1,   1,   1,   1,   1,   1,   1,   1,   1,   1,   1,   1,   1,   1,   1,   1,   1,   2,   2,   2,   2,   2,   2,   2,   2,   2,   2,   2,   2,   2,   2,   2,   2,   2,   2,   2,   2,   2,   2,   2,   2,   2,   2,   2,   2
  1,   0,   1,   2,   3,   4,   5,   6,   7,   8,   9,  10,  11,  12,  13,  14,  15,  16,  17,  18,  19,  20,  21,  22,  23,  24,  25,  26,  27,  28,  29,  30,  31,  32,  33,  34,  35,  36,  37,  38,  39,  40,  41,  42,  43,  44,  45,  46,  47,  48,  49,  50,  51,  52,  53,  54,  55,  56,  57,  58,  59,  60,  61,  62,  63,  64,  65,  66,  67,  68,  69,  70,  71,  72,  73,  74,  75,  76,  77,  78,  79,  80,  81,  82,  55,  57,  59,  61,  63,  65,  67,  69,  71,  73,  75,  77,  79,  81,  83,  85,  87,  89,  91,  93,  95,  97,  99, 101, 103, 105, 107, 109

  0,   1,   1,   1,   1,   1,   1,   1,   1,   1,   1,   1,   1,   1,   1,   1,   1,   1,   1,   1,   1,   1,   1,   1,   1,   1,   1,   1,   1,   1,   1,   1,   1,   1,   1,   1,   1,   1,   1,   1,   1,   1,   1,   1,   1,   1,   1,   1,   1,   1,   1,   1,   1,   1,   1,   1,   1,   1,   1,   1,   1,   1,   1,   1,   1,   1,   2,   2,   2,   2,   2,   2,   2,   2,   2,   2,   2,   2,   2,   2,   2,   2,   2,   2,   2,   2,   2,   2,   2,   2,   2,   2,   2,   2,   3,   3,   3,   3,   3,   3,   3,   3,   3,   3,   3,   3,   3,   3,   3,   3,   3,   3
  1,   0,   1,   2,   3,   4,   5,   6,   7,   8,   9,  10,  11,  12,  13,  14,  15,  16,  17,  18,  19,  20,  21,  22,  23,  24,  25,  26,  27,  28,  29,  30,  31,  32,  33,  34,  35,  36,  37,  38,  39,  40,  41,  42,  43,  44,  45,  46,  47,  48,  49,  50,  51,  52,  53,  54,  55,  56,  57,  58,  59,  60,  61,  62,  63,  64,  37,  39,  41,  43,  45,  47,  49,  51,  53,  55,  57,  59,  61,  63,  65,  67,  69,  71,  73,  75,  77,  79,  81,  83,  85,  87,  89,  91,  83,  85,  86,  88,  89,  91,  92,  94,  95,  97,  98, 100, 101, 103, 104, 106, 107, 109

  0,   1,   1,   1,   1,   1,   1,   1,   1,   1,   1,   1,   1,   1,   1,   1,   1,   1,   1,   1,   1,   1,   1,   1,   1,   1,   1,   1,   1,   1,   1,   1,   1,   1,   1,   1,   1,   1,   1,   1,   1,   1,   1,   1,   1,   1,   1,   1,   1,   1,   1,   1,   1,   1,   1,   1,   1,   1,   1,   1,   1,   1,   1,   1,   1,   2,   2,   2,   2,   2,   2,   2,   2,   2,   2,   2,   2,   2,   2,   2,   2,   2,   2,   2,   2,   2,   2,   2,   2,   2,   2,   2,   2,   3,   3,   3,   3,   3,   3,   3,   3,   3,   3,   3,   3,   3,   3,   3,   3,   3,   3,   3
  1,   0,   1,   2,   3,   4,   5,   6,   7,   8,   9,  10,  11,  12,  13,  14,  15,  16,  17,  18,  19,  20,  21,  22,  23,  24,  25,  26,  27,  28,  29,  30,  31,  32,  33,  34,  35,  36,  37,  38,  39,  40,  41,  42,  43,  44,  45,  46,  47,  48,  49,  50,  51,  52,  53,  54,  55,  56,  57,  58,  59,  60,  61,  62,  63,  37,  39,  41,  43,  45,  47,  49,  51,  53,  55,  57,  59,  61,  63,  65,  67,  69,  71,  73,  75,  77,  79,  81,  83,  85,  87,  89,  91,  82,  83,  85,  86,  88,  89,  91,  92,  94,  95,  97,  98, 100, 101, 103, 104, 106, 107, 109

  0,   1,   1,   1,   1,   1,   1,   1,   1,   1,   1,   1,   1,   1,   1,   1,   1,   1,   1,   1,   1,   1,   1,   1,   1,   1,   1,   1,   1,   1,   1,   1,   1,   1,   1,   1,   1,   1,   1,   1,   1,   1,   1,   1,   1,   1,   1,   1,   1,   1,   1,   1,   1,   1,   1,   1,   1,   1,   1,   1,   1,   1,   1,   1,   1,   2,   2,   2,   2,   2,   2,   2,   2,   2,   2,   2,   2,   2,   2,   2,   2,   2,   2,   2,   2,   2,   2,   2,   2,   2,   2,   2,   3,   3,   3,   3,   3,   3,   3,   3,   3,   3,   3,   3,   3,   3,   3,   3,   3,   3,   3,   3
  1,   0,   1,   2,   3,   4,   5,   6,   7,   8,   9,  10,  11,  12,  13,  14,  15,  16,  17,  18,  19,  20,  21,  22,  23,  24,  25,  26,  27,  28,  29,  30,  31,  32,  33,  34,  35,  36,  37,  38,  39,  40,  41,  42,  43,  44,  45,  46,  47,  48,  49,  50,  51,  52,  53,  54,  55,  56,  57,  58,  59,  60,  61,  62,  63,  37,  39,  41,  43,  45,  47,  49,  51,  53,  55,  57,  59,  61,  63,  65,  67,  69,  71,  73,  75,  77,  79,  81,  83,  85,  87,  89,  80,  82,  83,  85,  86,  88,  89,  91,  92,  94,  95,  97,  98, 100, 101, 103, 104, 106, 107, 109

  0,   1,   1,   1,   1,   1,   1,   1,   1,   1,   1,   1,   1,   1,   1,   1,   1,   1,   1,   1,   1,   1,   1,   1,   1,   1,   1,   1,   1,   1,   1,   1,   1,   1,   1,   1,   1,   1,   1,   1,   1,   1,   1,   1,   1,   1,   1,   1,   1,   1,   1,   1,   1,   1,   1,   1,   1,   1,   1,   1,   1,   1,   1,   1,   2,   2,   2,   2,   2,   2,   2,   2,   2,   2,   2,   2,   2,   2,   2,   2,   2,   2,   2,   2,   2,   2,   2,   2,   2,   2,   2,   3,   3,   3,   3,   3,   3,   3,   3,   3,   3,   3,   3,   3,   3,   3,   3,   3,   3,   3,   3,   3
  1,   0,   1,   2,   3,   4,   5,   6,   7,   8,   9,  10,  11,  12,  13,  14,  15,  16,  17,  18,  19,  20,  21,  22,  23,  24,  25,  26,  27,  28,  29,  30,  31,  32,  33,  34,  35,  36,  37,  38,  39,  40,  41,  42,  43,  44,  45,  46,  47,  48,  49,  50,  51,  52,  53,  54,  55,  56,  57,  58,  59,  60,  61,  62,  37,  39,  41,  43,  45,  47,  49,  51,  53,  55,  57,  59,  61,  63,  65,  67,  69,  71,  73,  75,  77,  79,  81,  83,  85,  87,  89,  79,  80,  82,  83,  85,  86,  88,  89,  91,  92,  94,  95,  97,  98, 100, 101, 103, 104, 106, 107, 109

  0,   1,   1,   1,   1,   1,   1,   1,   1,   1,   1,   1,   1,   1,   1,   1,   1,   1,   1,   1,   1,   1,   1,   1,   1,   1,   1,   1,   1,   1,   1,   1,   1,   1,   1,   1,   1,   1,   1,   1,   1,   1,   1,   1,   1,   1,   1,   1,   1,   1,   1,   1,   1,   1,   1,   1,   1,   1,   1,   1,   1,   1,   1,   1,   2,   2,   2,   2,   2,   2,   2,   2,   2,   2,   2,   2,   2,   2,   2,   2,   2,   2,   2,   2,   2,   2,   2,   2,   2,   2,   3,   3,   3,   3,   3,   3,   3,   3,   3,   3,   3,   3,   3,   3,   3,   3,   3,   3,   3,   3,   3,   3
  1,   0,   1,   2,   3,   4,   5,   6,   7,   8,   9,  10,  11,  12,  13,  14,  15,  16,  17,  18,  19,  20,  21,  22,  23,  24,  25,  26,  27,  28,  29,  30,  31,  32,  33,  34,  35,  36,  37,  38,  39,  40,  41,  42,  43,  44,  45,  46,  47,  48,  49,  50,  51,  52,  53,  54,  55,  56,  57,  58,  59,  60,  61,  62,  37,  39,  41,  43,  45,  47,  49,  51,  53,  55,  57,  59,  61,  63,  65,  67,  69,  71,  73,  75,  77,  79,  81,  83,  85,  87,  77,  79,  80,  82,  83,  85,  86,  88,  89,  91,  92,  94,  95,  97,  98, 100, 101, 103, 104, 106, 107, 109

  0,   1,   1,   1,   1,   1,   1,   1,   1,   1,   1,   1,   1,   1,   1,   1,   1,   1,   1,   1,   1,   1,   1,   1,   1,   1,   1,   1,   1,   1,   1,   1,   1,   1,   1,   1,   1,   1,   1,   1,   1,   1,   1,   1,   1,   1,   1,   1,   1,   1,   1,   1,   1,   1,   1,   1,   1,   1,   1,   1,   1,   1,   1,   2,   2,   2,   2,   2,   2,   2,   2,   2,   2,   2,   2,   2,   2,   2,   2,   2,   2,   2,   2,   2,   2,   2,   2,   2,   2,   3,   3,   3,   3,   3,   3,   3,   3,   3,   3,   3,   3,   3,   3,   3,   3,   3,   3,   3,   3,   3,   3,   3
  1,   0,   1,   2,   3,   4,   5,   6,   7,   8,   9,  10,  11,  12,  13,  14,  15,  16,  17,  18,  19,  20,  21,  22,  23,  24,  25,  26,  27,  28,  29,  30,  31,  32,  33,  34,  35,  36,  37,  38,  39,  40,  41,  42,  43,  44,  45,  46,  47,  48,  49,  50,  51,  52,  53,  54,  55,  56,  57,  58,  59,  60,  61,  37,  39,  41,  43,  45,  47,  49,  51,  53,  55,  57,  59,  61,  63,  65,  67,  69,  71,  73,  75,  77,  79,  81,  83,  85,  87,  76,  77,  79,  80,  82,  83,  85,  86,  88,  89,  91,  92,  94,  95,  97,  98, 100, 101, 103, 104, 106, 107, 109

  0,   1,   1,   1,   1,   1,   1,   1,   1,   1,   1,   1,   1,   1,   1,   1,   1,   1,   1,   1,   1,   1,   1,   1,   1,   1,   1,   1,   1,   1,   1,   1,   1,   1,   1,   1,   1,   1,   1,   1,   1,   1,   1,   1,   1,   1,   1,   1,   1,   1,   1,   1,   1,   1,   1,   1,   1,   1,   1,   1,   1,   1,   1,   2,   2,   2,   2,   2,   2,   2,   2,   2,   2,   2,   2,   2,   2,   2,   2,   2,   2,   2,   2,   2,   2,   2,   2,   2,   3,   3,   3,   3,   3,   3,   3,   3,   3,   3,   3,   3,   3,   3,   3,   3,   3,   3,   3,   3,   3,   3,   3,   3
  1,   0,   1,   2,   3,   4,   5,   6,   7,   8,   9,  10,  11,  12,  13,  14,  15,  16,  17,  18,  19,  20,  21,  22,  23,  24,  25,  26,  27,  28,  29,  30,  31,  32,  33,  34,  35,  36,  37,  38,  39,  40,  41,  42,  43,  44,  45,  46,  47,  48,  49,  50,  51,  52,  53,  54,  55,  56,  57,  58,  59,  60,  61,  37,  39,  41,  43,  45,  47,  49,  51,  53,  55,  57,  59,  61,  63,  65,  67,  69,  71,  73,  75,  77,  79,  81,  83,  85,  74,  76,  77,  79,  80,  82,  83,  85,  86,  88,  89,  91,  92,  94,  95,  97,  98, 100, 101, 103, 104, 106, 107, 109

  0,   1,   1,   1,   1,   1,   1,   1,   1,   1,   1,   1,   1,   1,   1,   1,   1,   1,   1,   1,   1,   1,   1,   1,   1,   1,   1,   1,   1,   1,   1,   1,   1,   1,   1,   1,   1,   1,   1,   1,   1,   1,   1,   1,   1,   1,   1,   1,   1,   1,   1,   1,   1,   1,   1,   1,   1,   1,   1,   1,   1,   1,   2,   2,   2,   2,   2,   2,   2,   2,   2,   2,   2,   2,   2,   2,   2,   2,   2,   2,   2,   2,   2,   2,   2,   2,   2,   3,   3,   3,   3,   3,   3,   3,   3,   3,   3,   3,   3,   3,   3,   3,   3,   3,   3,   3,   3,   3,   3,   3,   3,   3
  1,   0,   1,   2,   3,   4,   5,   6,   7,   8,   9,  10,  11,  12,  13,  14,  15,  16,  17,  18,  19,  20,  21,  22,  23,  24,  25,  26,  27,  28,  29,  30,  31,  32,  33,  34,  35,  36,  37,  38,  39,  40,  41,  42,  43,  44,  45,  46,  47,  48,  49,  50,  51,  52,  53,  54,  55,  56,  57,  58,  59,  60,  37,  39,  41,  43,  45,  47,  49,  51,  53,  55,  57,  59,  61,  63,  65,  67,  69,  71,  73,  75,  77,  79,  81,  83,  85,  73,  74,  76,  77,  79,  80,  82,  83,  85,  86,  88,  89,  91,  92,  94,  95,  97,  98, 100, 101, 103, 104, 106, 107, 109

  0,   1,   1,   1,   1,   1,   1,   1,   1,   1,   1,   1,   1,   1,   1,   1,   1,   1,   1,   1,   1,   1,   1,   1,   1,   1,   1,   1,   1,   1,   1,   1,   1,   1,   1,   1,   1,   1,   1,   1,   1,   1,   1,   2,   2,   2,   2,   2,   2,   2,   2,   2,   2,   2,   2,   2,   2,   2,   2,   2,   2,   2,   3,   3,   3,   3,   3,   3,   3,   3,   3,   3,   3,   3,   3,   3,   3,   3,   3,   3,   3,   3,   3,   3,   3,   3,   4,   4,   4,   4,   4,   4,   4,   4,   4,   4,   4,   4,   4,   4,   5,   5,   5,   5,   5,   5,   5,   5,   5,   5,   5,   5
  1,   0,   1,   2,   3,   4,   5,   6,   7,   8,   9,  10,  11,  12,  13,  14,  15,  16,  17,  18,  19,  20,  21,  22,  23,  24,  25,  26,  27,  28,  29,  30,  31,  32,  33,  34,  35,  36,  37,  38,  39,  40,  41,  23,  25,  27,  29,  31,  33,  35,  37,  39,  41,  43,  45,  47,  49,  51,  53,  55,  57,  59,  44,  46,  47,  49,  50,  52,  53,  55,  56,  58,  59,  61,  62,  64,  65,  67,  68,  70,  71,  73,  74,  76,  77,  79,  69,  71,  73,  75,  77,  79,  81,  83,  85,  87,  89,  91,  93,  95,  96,  97,  98,  99, 101, 102, 103, 104, 106, 107, 108, 109

  0,   1,   1,   1,   1,   1,   1,   1,   1,   1,   1,   1,   1,   1,   1,   1,   1,   1,   1,   1,   1,   1,   1,   1,   1,   1,   1,   1,   1,   1,   1,   1,   1,   1,   1,   1,   1,   1,   1,   1,   1,   1,   2,   2,   2,   2,   2,   2,   2,   2,   2,   2,   2,   2,   2,   2,   2,   2,   2,   2,   2,   3,   3,   3,   3,   3,   3,   3,   3,   3,   3,   3,   3,   3,   3,   3,   3,   3,   3,   3,   3,   3,   3,   3,   4,   4,   4,   4,   4,   4,   4,   4,   4,   4,   4,   4,   4,   4,   5,   5,   5,   5,   5,   5,   5,   5,   5,   5,   5,   5,   5,   5
  1,   0,   1,   2,   3,   4,   5,   6,   7,   8,   9,  10,  11,  12,  13,  14,  15,  16,  17,  18,  19,  20,  21,  22,  23,  24,  25,  26,  27,  28,  29,  30,  31,  32,  33,  34,  35,  36,  37,  38,  39,  40,  23,  25,  27,  29,  31,  33,  35,  37,  39,  41,  43,  45,  47,  49,  51,  53,  55,  57,  59,  44,  46,  47,  49,  50,  52,  53,  55,  56,  58,  59,  61,  62,  64,  65,  67,  68,  70,  71,  73,  74,  76,  77,  69,  71,  73,  75,  77,  79,  81,  83,  85,  87,  89,  91,  93,  95,  93,  94,  96,  97,  98,  99, 101, 102, 103, 104, 106, 107, 108, 109

  0,   1,   1,   1,   1,   1,   1,   1,   1,   1,   1,   1,   1,   1,   1,   1,   1,   1,   1,   1,   1,   1,   1,   1,   1,   1,   1,   1,   1,   1,   1,   1,   1,   1,   1,   1,   1,   1,   1,   1,   1,   1,   2,   2,   2,   2,   2,   2,   2,   2,   2,   2,   2,   2,   2,   2,   2,   2,   2,   2,   3,   3,   3,   3,   3,   3,   3,   3,   3,   3,   3,   3,   3,   3,   3,   3,   3,   3,   3,   3,   3,   3,   3,   4,   4,   4,   4,   4,   4,   4,   4,   4,   4,   4,   4,   4,   4,   5,   5,   5,   5,   5,   5,   5,   5,   5,   5,   5,   5,   5,   5,   5
  1,   0,   1,   2,   3,   4,   5,   6,   7,   8,   9,  10,  11,  12,  13,  14,  15,  16,  17,  18,  19,  20,  21,  22,  23,  24,  25,  26,  27,  28,  29,  30,  31,  32,  33,  34,  35,  36,  37,  38,  39,  40,  23,  25,  27,  29,  31,  33,  35,  37,  39,  41,  43,  45,  47,  49,  51,  53,  55,  57,  44,  46,  47,  49,  50,  52,  53,  55,  56,  58,  59,  61,  62,  64,  65,  67,  68,  70,  71,  73,  74,  76,  77,  69,  71,  73,  75,  77,  79,  81,  83,  85,  87,  89,  91,  93,  95,  92,  93,  94,  96,  97,  98,  99, 101, 102, 103, 104, 106, 107, 108, 109

  0,   1,   1,   1,   1,   1,   1,   1,   1,   1,   1,   1,   1,   1,   1,   1,   1,   1,   1,   1,   1,   1,   1,   1,   1,   1,   1,   1,   1,   1,   1,   1,   1,   1,   1,   1,   1,   1,   1,   1,   1,   1,   2,   2,   2,   2,   2,   2,   2,   2,   2,   2,   2,   2,   2,   2,   2,   2,   2,   2,   2,   3,   3,   3,   3,   3,   3,   3,   3,   3,   3,   3,   3,   3,   3,   3,   3,   3,   3,   3,   3,   3,   3,   3,   4,   4,   4,   4,   4,   4,   4,   4,   4,   4,   4,   4,   4,   4,   5,   5,   5,   5,   5,   5,   5,   5,   5,   5,   5,   5,   5,   5
  1,   0,   1,   2,   3,   4,   5,   6,   7,   8,   9,  10,  11,  12,  13,  14,  15,  16,  17,  18,  19,  20,  21,  22,  23,  24,  25,  26,  27,  28,  29,  30,  31,  32,  33,  34,  35,  36,  37,  38,  39,  40,  23,  25,  27,  29,  31,  33,  35,  37,  39,  41,  43,  45,  47,  49,  51,  53,  55,  57,  59,  44,  46,  47,  49,  50,  52,  53,  55,  56,  58,  59,  61,  62,  64,  65,  67,  68,  70,  71,  73,  74,  76,  77,  67,  69,  71,  73,  75,  77,  79,  81,  83,  85,  87,  89,  91,  93,  93,  94,  96,  97,  98,  99, 101, 102, 103, 104, 106, 107, 108, 109

  0,   1,   1,   1,   1,   1,   1,   1,   1,   1,   1,   1,   1,   1,   1,   1,   1,   1,   1,   1,   1,   1,   1,   1,   1,   1,   1,   1,   1,   1,   1,   1,   1,   1,   1,   1,   1,   1,   1,   1,   1,   1,   2,   2,   2,   2,   2,   2,   2,   2,   2,   2,   2,   2,   2,   2,   2,   2,   2,   2,   3,   3,   3,   3,   3,   3,   3,   3,   3,   3,   3,   3,   3,   3,   3,   3,   3,   3,   3,   3,   3,   3,   3,   4,   4,   4,   4,   4,   4,   4,   4,   4,   4,   4,   4,   4,   4,   5,   5,   5,   5,   5,   5,   5,   5,   5,   5,   5,   5,   5,   5,   5
  1,   0,   1,   2,   3,   4,   5,   6,   7,   8,   9,  10,  11,  12,  13,  14,  15,  16,  17,  18,  19,  20,  21,  22,  23,  24,  25,  26,  27,  28,  29,  30,  31,  32,  33,  34,  35,  36,  37,  38,  39,  40,  23,  25,  27,  29,  31,  33,  35,  37,  39,  41,  43,  45,  47,  49,  51,  53,  55,  57,  44,  46,  47,  49,  50,  52,  53,  55,  56,  58,  59,  61,  62,  64,  65,  67,  68,  70,  71,  73,  74,  76,  77,  67,  69,  71,  73,  75,  77,  79,  81,  83,  85,  87,  89,  91,  93,  92,  93,  94,  96,  97,  98,  99, 101, 102, 103, 104, 106, 107, 108, 109

  0,   1,   1,   1,   1,   1,   1,   1,   1,   1,   1,   1,   1,   1,   1,   1,   1,   1,   1,   1,   1,   1,   1,   1,   1,   1,   1,   1,   1,   1,   1,   1,   1,   1,   1,   1,   1,   1,   1,   1,   1,   1,   2,   2,   2,   2,   2,   2,   2,   2,   2,   2,   2,   2,   2,   2,   2,   2,   2,   2,   3,   3,   3,   3,   3,   3,   3,   3,   3,   3,   3,   3,   3,   3,   3,   3,   3,   3,   3,   3,   3,   3,   4,   4,   4,   4,   4,   4,   4,   4,   4,   4,   4,   4,   4,   4,   5,   5,   5,   5,   5,   5,   5,   5,   5,   5,   5,   5,   5,   5,   5,   5
  1,   0,   1,   2,   3,   4,   5,   6,   7,   8,   9,  10,  11,  12,  13,  14,  15,  16,  17,  18,  19,  20,  21,  22,  23,  24,  25,  26,  27,  28,  29,  30,  31,  32,  33,  34,  35,  36,  37,  38,  39,  40,  23,  25,  27,  29,  31,  33,  35,  37,  39,  41,  43,  45,  47,  49,  51,  53,  55,  57,  44,  46,  47,  49,  50,  52,  53,  55,  56,  58,  59,  61,  62,  64,  65,  67,  68,  70,  71,  73,  74,  76,  67,  69,  71,  73,  75,  77,  79,  81,  83,  85,  87,  89,  91,  93,  91,  92,  93,  94,  96,  97,  98,  99, 101, 102, 103, 104, 106, 107, 108, 109

  0,   1,   1,   1,   1,   1,   1,   1,   1,   1,   1,   1,   1,   1,   1,   1,   1,   1,   1,   1,   1,   1,   1,   1,   1,   1,   1,   1,   1,   1,   1,   1,   1,   1,   1,   1,   1,   2,   2,   2,   2,   2,   2,   2,   2,   2,   2,   2,   2,   2,   2,   2,   2,   2,   3,   3,   3,   3,   3,   3,   3,   3,   3,   3,   3,   3,   3,   3,   3,   3,   3,   3,   3,   3,   3,   3,   4,   4,   4,   4,   4,   4,   4,   4,   4,   4,   4,   4,   4,   4,   5,   5,   5,   5,   5,   5,   5,   5,   5,   5,   5,   5,   5,   5,   5,   5,   5,   5,   6,   6,   6,   6
  1,   0,   1,   2,   3,   4,   5,   6,   7,   8,   9,  10,  11,  12,  13,  14,  15,  16,  17,  18,  19,  20,  21,  22,  23,  24,  25,  26,  27,  28,  29,  30,  31,  32,  33,  34,  35,  19,  21,  23,  25,  27,  29,  31,  33,  35,  37,  39,  41,  43,  45,  47,  49,  51,  37,  38,  40,  41,  43,  44,  46,  47,  49,  50,  52,  53,  55,  56,  58,  59,  61,  62,  64,  65,  67,  68,  57,  59,  61,  63,  65,  67,  69,  71,  73,  75,  77,  79,  81,  83,  77,  78,  79,  81,  82,  83,  84,  86,  87,  88,  89,  91,  92,  93,  94,  96,  97,  98, 101, 103, 107, 109

  0,   1,   1,   1,   1,   1,   1,   1,   1,   2,   2,   2,   2,   3,   3,   3,   3,   3,   4,   4,   4,   4,   5,   5,   5,   5,   5,   5,   5,   6,   6,   7,   7,   7,   7,   7,   7,   7,   8,   8,   8,   9,   9,   9,   9,   9,  10,  10,  10,  11,  11,  11,  11,  11,  11,  11,  12,  12,  12,  13,  13,  13,  13,  13,  13,  14,  14,  14,  14,  15,  15,  15,  15,  16,  16,  16,  16,  17,  17,  17,  17,  17,  17,  18,  18,  19,  19,  19,  19,  19,  20,  20,  21,  21,  21,  21,  22,  22,  22,  23,  23,  23,  23,  23,  24,  24,  25,  25,  25,  26,  27,  28
  1,   0,   1,   2,   3,   4,   5,   6,   7,   5,   7,   9,  11,   8,  10,  11,  13,  14,  13,  15,  17,  19,  16,  17,  18,  19,  21,  22,  23,  23,  25,  24,  25,  26,  27,  29,  30,  31,  29,  31,  33,  32,  34,  35,  37,  38,  37,  39,  41,  39,  40,  41,  42,  43,  45,  46,  43,  47,  49,  47,  48,  49,  50,  51,  53,  51,  53,  55,  57,  56,  58,  59,  61,  59,  61,  63,  65,  63,  64,  65,  66,  67,  69,  67,  71,  71,  72,  73,  74,  75,  77,  79,  79,  80,  82,  83,  83,  85,  87,  87,  88,  89,  90,  91,  91,  95,  96,  97,  98, 101, 104, 109

  0,   1,   1,   1,   1,   1,   1,   1,   1,   2,   2,   2,   2,   3,   3,   3,   3,   3,   4,   4,   4,   4,   5,   5,   5,   5,   5,   5,   5,   6,   6,   7,   7,   7,   7,   7,   7,   8,   8,   8,   9,   9,   9,   9,   9,  10,  10,  10,  11,  11,  11,  11,  11,  11,  11,  12,  12,  12,  13,  13,  13,  13,  13,  13,  14,  14,  14,  14,  15,  15,  15,  15,  16,  16,  16,  16,  17,  17,  17,  17,  17,  18,  18,  19,  19,  19,  19,  19,  20,  20,  21,  21,  21,  21,  22,  22,  22,  23,  23,  23,  23,  23,  24,  24,  25,  25,  25,  26,  26,  27,  27,  28
  1,   0,   1,   2,   3,   4,   5,   6,   7,   5,   7,   9,  11,   8,  10,  11,  13,  14,  13,  15,  17,  19,  16,  17,  18,  19,  21,  22,  23,  23,  25,  24,  25,  26,  27,  29,  30,  29,  31,  33,  32,  34,  35,  37,  38,  37,  39,  41,  39,  40,  41,  42,  43,  45,  46,  43,  47,  49,  47,  48,  49,  50,  51,  53,  51,  53,  55,  57,  56,  58,  59,  61,  59,  61,  63,  65,  63,  64,  65,  66,  67,  67,  71,  71,  72,  73,  74,  75,  77,  79,  79,  80,  82,  83,  83,  85,  87,  87,  88,  89,  90,  91,  91,  95,  96,  97,  98,  99, 101, 103, 104, 109

  0,   1,   1,   1,   1,   1,   1,   1,   1,   2,   2,   2,   2,   3,   3,   3,   3,   3,   4,   4,   4,   4,   5,   5,   5,   5,   5,   5,   5,   6,   6,   7,   7,   7,   7,   7,   7,   8,   8,   8,   9,   9,   9,   9,   9,  10,  10,  10,  11,  11,  11,  11,  11,  11,  12,  12,  12,  13,  13,  13,  13,  13,  13,  14,  14,  14,  14,  15,  15,  15,  15,  16,  16,  16,  16,  17,  17,  17,  17,  17,  18,  18,  19,  19,  19,  19,  19,  20,  20,  21,  21,  21,  21,  22,  22,  22,  23,  23,  23,  23,  23,  24,  24,  25,  25,  25,  26,  26,  27,  27,  28,  28
  1,   0,   1,   2,   3,   4,   5,   6,   7,   5,   7,   9,  11,   8,  10,  11,  13,  14,  13,  15,  17,  19,  16,  17,  18,  19,  21,  22,  23,  23,  25,  24,  25,  26,  27,  29,  30,  29,  31,  33,  32,  34,  35,  37,  38,  37,  39,  41,  39,  40,  41,  42,  43,  45,  43,  47,  49,  47,  48,  49,  50,  51,  53,  51,  53,  55,  57,  56,  58,  59,  61,  59,  61,  63,  65,  63,  64,  65,  66,  67,  67,  71,  71,  72,  73,  74,  75,  77,  79,  79,  80,  82,  83,  83,  85,  87,  87,  88,  89,  90,  91,  91,  95,  96,  97,  98,  99, 101, 103, 104, 107, 109

  0,   1,   1,   1,   1,   1,   1,   2,   2,   2,   3,   3,   3,   3,   4,   4,   4,   5,   5,   5,   5,   5,   6,   6,   7,   7,   7,   7,   7,   8,   8,   8,   9,   9,   9,   9,  10,  10,  10,  11,  11,  11,  11,  11,  12,  12,  13,  13,  13,  13,  13,  14,  14,  14,  15,  15,  15,  15,  16,  16,  16,  17,  17,  17,  17,  17,  18,  18,  19,  19,  19,  19,  20,  20,  20,  21,  21,  21,  22,  22,  22,  23,  23,  23,  23,  24,  24,  25,  25,  25,  25,  26,  26,  26,  27,  27,  27,  28,  28,  29,  29,  30,  31,  31,  32,  33,  33,  34,  35,  35,  36,  37
  1,   0,   1,   2,   3,   4,   5,   3,   5,   7,   7,   8,  10,  11,   9,  11,  13,  12,  13,  14,  16,  17,  17,  19,  18,  19,  20,  22,  23,  21,  23,  25,  25,  26,  28,  29,  27,  29,  31,  30,  31,  32,  34,  35,  35,  37,  36,  37,  38,  40,  41,  39,  41,  43,  43,  44,  46,  47,  45,  47,  49,  48,  49,  50,  52,  53,  53,  55,  54,  55,  56,  58,  57,  59,  61,  61,  62,  64,  63,  65,  67,  66,  67,  68,  70,  71,  73,  72,  73,  74,  76,  75,  77,  79,  79,  80,  82,  81,  83,  85,  86,  89,  91,  92,  95,  97,  98, 101, 103, 104, 107, 109

  0,   1,   1,   1,   1,   1,   1,   2,   2,   2,   3,   3,   3,   3,   4,   4,   4,   5,   5,   5,   5,   5,   6,   6,   7,   7,   7,   7,   7,   8,   8,   8,   9,   9,   9,   9,  10,  10,  10,  11,  11,  11,  11,  11,  12,  12,  13,  13,  13,  13,  13,  14,  14,  14,  15,  15,  15,  15,  16,  16,  16,  17,  17,  17,  17,  17,  18,  18,  19,  19,  19,  19,  20,  20,  20,  21,  21,  21,  22,  22,  22,  23,  23,  23,  23,  24,  24,  25,  25,  25,  25,  26,  26,  26,  27,  27,  28,  28,  29,  29,  29,  30,  31,  31,  32,  33,  33,  34,  35,  35,  36,  37
  1,   0,   1,   2,   3,   4,   5,   3,   5,   7,   7,   8,  10,  11,   9,  11,  13,  12,  13,  14,  16,  17,  17,  19,  18,  19,  20,  22,  23,  21,  23,  25,  25,  26,  28,  29,  27,  29,  31,  30,  31,  32,  34,  35,  35,  37,  36,  37,  38,  40,  41,  39,  41,  43,  43,  44,  46,  47,  45,  47,  49,  48,  49,  50,  52,  53,  53,  55,  54,  55,  56,  58,  57,  59,  61,  61,  62,  64,  63,  65,  67,  66,  67,  68,  70,  71,  73,  72,  73,  74,  76,  75,  77,  79,  79,  80,  81,  83,  84,  85,  86,  89,  91,  92,  95,  97,  98, 101, 103, 104, 107, 109

  0,   1,   1,   1,   1,   1,   1,   2,   2,   2,   3,   3,   3,   3,   4,   4,   4,   5,   5,   5,   5,   5,   6,   6,   7,   7,   7,   7,   7,   8,   8,   8,   9,   9,   9,   9,  10,  10,  10,  11,  11,  11,  11,  11,  12,  12,  13,  13,  13,  13,  13,  14,  14,  14,  15,  15,  15,  15,  16,  16,  16,  17,  17,  17,  17,  18,  18,  19,  19,  19,  19,  20,  20,  20,  21,  21,  21,  22,  22,  22,  23,  23,  23,  23,  24,  24,  25,  25,  25,  25,  26,  26,  26,  27,  27,  28,  28,  29,  29,  29,  30,  31,  31,  31,  32,  33,  33,  34,  35,  35,  36,  37
  1,   0,   1,   2,   3,   4,   5,   3,   5,   7,   7,   8,  10,  11,   9,  11,  13,  12,  13,  14,  16,  17,  17,  19,  18,  19,  20,  22,  23,  21,  23,  25,  25,  26,  28,  29,  27,  29,  31,  30,  31,  32,  34,  35,  35,  37,  36,  37,  38,  40,  41,  39,  41,  43,  43,  44,  46,  47,  45,  47,  49,  48,  49,  50,  52,  53,  55,  54,  55,  56,  58,  57,  59,  61,  61,  62,  64,  63,  65,  67,  66,  67,  68,  70,  71,  73,  72,  73,  74,  76,  75,  77,  79,  79,  80,  81,  83,  84,  85,  86,  89,  90,  91,  92,  95,  97,  98, 101, 103, 104, 107, 109

  0,   1,   1,   1,   1,   1,   1,   2,   2,   2,   3,   3,   3,   3,   4,   4,   4,   5,   5,   5,   5,   5,   6,   6,   7,   7,   7,   7,   7,   8,   8,   8,   9,   9,   9,   9,  10,  10,  10,  11,  11,  11,  11,  11,  12,  12,  13,  13,  13,  13,  13,  14,  14,  14,  15,  15,  15,  15,  16,  16,  16,  17,  17,  17,  17,  18,  18,  19,  19,  19,  19,  20,  20,  20,  21,  21,  21,  22,  22,  22,  23,  23,  23,  23,  24,  24,  25,  25,  25,  25,  26,  26,  27,  27,  28,  28,  29,  29,  29,  30,  31,  31,  31,  32,  32,  33,  33,  34,  35,  35,  36,  37
  1,   0,   1,   2,   3,   4,   5,   3,   5,   7,   7,   8,  10,  11,   9,  11,  13,  12,  13,  14,  16,  17,  17,  19,  18,  19,  20,  22,  23,  21,  23,  25,  25,  26,  28,  29,  27,  29,  31,  30,  31,  32,  34,  35,  35,  37,  36,  37,  38,  40,  41,  39,  41,  43,  43,  44,  46,  47,  45,  47,  49,  48,  49,  50,  52,  53,  55,  54,  55,  56,  58,  57,  59,  61,  61,  62,  64,  63,  65,  67,  66,  67,  68,  70,  71,  73,  72,  73,  74,  76,  75,  77,  79,  80,  81,  83,  84,  85,  86,  89,  90,  91,  92,  93,  95,  97,  98, 101, 103, 104, 107, 109

  0,   1,   1,   1,   1,   1,   1,   2,   2,   2,   3,   3,   3,   3,   4,   4,   4,   5,   5,   5,   5,   5,   6,   6,   7,   7,   7,   7,   7,   8,   8,   8,   9,   9,   9,   9,  10,  10,  10,  11,  11,  11,  11,  11,  12,  12,  13,  13,  13,  13,  13,  14,  14,  14,  15,  15,  15,  16,  16,  16,  17,  17,  17,  17,  18,  18,  19,  19,  19,  19,  20,  20,  20,  21,  21,  21,  22,  22,  22,  23,  23,  23,  23,  24,  24,  25,  25,  25,  25,  26,  26,  27,  27,  28,  28,  29,  29,  29,  30,  31,  31,  31,  32,  32,  33,  33,  34,  34,  35,  35,  36,  37
  1,   0,   1,   2,   3,   4,   5,   3,   5,   7,   7,   8,  10,  11,   9,  11,  13,  12,  13,  14,  16,  17,  17,  19,  18,  19,  20,  22,  23,  21,  23,  25,  25,  26,  28,  29,  27,  29,  31,  30,  31,  32,  34,  35,  35,  37,  36,  37,  38,  40,  41,  39,  41,  43,  43,  44,  46,  45,  47,  49,  48,  49,  50,  52,  53,  55,  54,  55,  56,  58,  57,  59,  61,  61,  62,  64,  63,  65,  67,  66,  67,  68,  70,  71,  73,  72,  73,  74,  76,  75,  77,  79,  80,  81,  83,  84,  85,  86,  89,  90,  91,  92,  93,  95,  97,  98,  99, 101, 103, 104, 107, 109

  0,   1,   1,   1,   1,   1,   1,   2,   2,   2,   3,   3,   3,   3,   4,   4,   4,   5,   5,   5,   5,   5,   6,   6,   7,   7,   7,   7,   7,   8,   8,   8,   9,   9,   9,   9,  10,  10,  10,  11,  11,  11,  11,  11,  12,  12,  13,  13,  13,  13,  13,  14,  14,  14,  15,  15,  15,  16,  16,  16,  17,  17,  17,  17,  18,  18,  19,  19,  19,  19,  20,  20,  20,  21,  21,  21,  22,  22,  22,  23,  23,  23,  23,  24,  24,  25,  25,  25,  26,  26,  27,  27,  28,  28,  29,  29,  29,  30,  31,  31,  31,  32,  32,  33,  33,  34,  34,  35,  35,  35,  36,  37
  1,   0,   1,   2,   3,   4,   5,   3,   5,   7,   7,   8,  10,  11,   9,  11,  13,  12,  13,  14,  16,  17,  17,  19,  18,  19,  20,  22,  23,  21,  23,  25,  25,  26,  28,  29,  27,  29,  31,  30,  31,  32,  34,  35,  35,  37,  36,  37,  38,  40,  41,  39,  41,  43,  43,  44,  46,  45,  47,  49,  48,  49,  50,  52,  53,  55,  54,  55,  56,  58,  57,  59,  61,  61,  62,  64,  63,  65,  67,  66,  67,  68,  70,  71,  73,  72,  73,  74,  75,  77,  79,  80,  81,  83,  84,  85,  86,  89,  90,  91,  92,  93,  95,  97,  98,  99, 101, 102, 103, 104, 107, 109

  0,   1,   1,   1,   1,   1,   1,   2,   2,   2,   3,   3,   3,   3,   4,   4,   4,   5,   5,   5,   5,   5,   6,   6,   7,   7,   7,   7,   7,   8,   8,   8,   9,   9,   9,   9,  10,  10,  10,  11,  11,  11,  11,  11,  12,  12,  13,  13,  13,  13,  14,  14,  14,  15,  15,  15,  16,  16,  16,  17,  17,  17,  17,  18,  18,  19,  19,  19,  19,  20,  20,  20,  21,  21,  21,  22,  22,  22,  23,  23,  23,  23,  24,  24,  25,  25,  25,  26,  26,  27,  27,  28,  28,  29,  29,  29,  30,  31,  31,  31,  32,  32,  33,  33,  34,  34,  35,  35,  35,  36,  37,  37
  1,   0,   1,   2,   3,   4,   5,   3,   5,   7,   7,   8,  10,  11,   9,  11,  13,  12,  13,  14,  16,  17,  17,  19,  18,  19,  20,  22,  23,  21,  23,  25,  25,  26,  28,  29,  27,  29,  31,  30,  31,  32,  34,  35,  35,  37,  36,  37,  38,  40,  39,  41,  43,  43,  44,  46,  45,  47,  49,  48,  49,  50,  52,  53,  55,  54,  55,  56,  58,  57,  59,  61,  61,  62,  64,  63,  65,  67,  66,  67,  68,  70,  71,  73,  72,  73,  74,  75,  77,  79,  80,  81,  83,  84,  85,  86,  89,  90,  91,  92,  93,  95,  97,  98,  99, 101, 102, 103, 104, 107, 108, 109

  0,   1,   1,   1,   1,   1,   1,   2,   2,   2,   3,   3,   3,   3,   4,   4,   4,   5,   5,   5,   5,   5,   6,   6,   7,   7,   7,   7,   8,   8,   8,   9,   9,   9,  10,  10,  10,  11,  11,  11,  11,  11,  12,  12,  13,  13,  13,  13,  13,  14,  14,  14,  15,  15,  15,  16,  16,  17,  17,  17,  17,  18,  19,  19,  19,  19,  20,  20,  21,  21,  21,  22,  22,  23,  23,  23,  23,  23,  24,  24,  25,  25,  25,  25,  26,  26,  26,  27,  27,  27,  28,  28,  29,  29,  29,  29,  31,  31,  31,  31,  32,  32,  33,  33,  34,  34,  35,  35,  36,  37,  37,  38
  1,   0,   1,   2,   3,   4,   5,   3,   5,   7,   7,   8,  10,  11,   9,  11,  13,  12,  13,  14,  16,  17,  17,  19,  18,  19,  20,  22,  21,  23,  25,  25,  26,  28,  27,  29,  31,  29,  30,  31,  32,  34,  35,  37,  35,  36,  37,  38,  40,  39,  41,  43,  41,  43,  44,  45,  47,  47,  48,  49,  50,  53,  53,  54,  55,  56,  57,  59,  59,  61,  62,  63,  65,  64,  65,  66,  67,  68,  67,  71,  71,  72,  73,  74,  73,  75,  77,  76,  77,  79,  79,  81,  82,  83,  84,  85,  88,  89,  90,  91,  91,  93,  94,  95,  97,  99, 101, 102, 103, 106, 107, 109

  0,   1,   1,   1,   1,   1,   1,   2,   2,   2,   3,   3,   3,   3,   4,   4,   4,   5,   5,   5,   5,   5,   6,   6,   7,   7,   7,   7,   8,   8,   8,   9,   9,   9,  10,  10,  10,  11,  11,  11,  11,  11,  12,  12,  13,  13,  13,  13,  13,  14,  14,  14,  15,  15,  15,  16,  16,  17,  17,  17,  17,  18,  19,  19,  19,  19,  20,  20,  21,  21,  21,  22,  22,  22,  23,  23,  23,  23,  23,  24,  24,  25,  25,  25,  25,  26,  26,  26,  27,  27,  27,  28,  28,  29,  29,  29,  29,  31,  31,  31,  32,  32,  33,  33,  34,  34,  35,  35,  36,  37,  37,  38
  1,   0,   1,   2,   3,   4,   5,   3,   5,   7,   7,   8,  10,  11,   9,  11,  13,  12,  13,  14,  16,  17,  17,  19,  18,  19,  20,  22,  21,  23,  25,  25,  26,  28,  27,  29,  31,  29,  30,  31,  32,  34,  35,  37,  35,  36,  37,  38,  40,  39,  41,  43,  41,  43,  44,  45,  47,  47,  48,  49,  50,  53,  53,  54,  55,  56,  57,  59,  59,  61,  62,  61,  63,  65,  64,  65,  66,  67,  68,  67,  71,  71,  72,  73,  74,  73,  75,  77,  76,  77,  79,  79,  81,  82,  83,  84,  85,  88,  89,  90,  91,  93,  94,  95,  97,  99, 101, 102, 103, 106, 107, 109

  0,   1,   1,   1,   1,   1,   1,   2,   2,   2,   3,   3,   3,   3,   4,   4,   4,   5,   5,   5,   5,   5,   6,   6,   7,   7,   7,   7,   8,   8,   8,   9,   9,   9,  10,  10,  10,  11,  11,  11,  11,  11,  12,  12,  13,  13,  13,  13,  13,  14,  14,  14,  15,  15,  15,  16,  16,  17,  17,  17,  17,  18,  19,  19,  19,  19,  20,  20,  21,  21,  21,  21,  22,  22,  22,  23,  23,  23,  23,  23,  24,  24,  25,  25,  25,  25,  26,  26,  26,  27,  27,  27,  28,  28,  29,  29,  29,  29,  31,  31,  31,  32,  32,  33,  33,  34,  34,  35,  36,  37,  37,  38
  1,   0,   1,   2,   3,   4,   5,   3,   5,   7,   7,   8,  10,  11,   9,  11,  13,  12,  13,  14,  16,  17,  17,  19,  18,  19,  20,  22,  21,  23,  25,  25,  26,  28,  27,  29,  31,  29,  30,  31,  32,  34,  35,  37,  35,  36,  37,  38,  40,  39,  41,  43,  41,  43,  44,  45,  47,  47,  48,  49,  50,  53,  53,  54,  55,  56,  57,  59,  58,  59,  61,  62,  61,  63,  65,  64,  65,  66,  67,  68,  67,  71,  71,  72,  73,  74,  73,  75,  77,  76,  77,  79,  79,  81,  82,  83,  84,  85,  88,  89,  90,  91,  93,  94,  95,  97,  99, 101, 103, 106, 107, 109

  0,   1,   1,   1,   1,   1,   1,   2,   2,   2,   3,   3,   3,   3,   4,   4,   4,   5,   5,   5,   5,   5,   6,   6,   7,   7,   7,   7,   8,   8,   8,   9,   9,   9,   9,  10,  10,  10,  11,  11,  11,  11,  11,  12,  12,  13,  13,  13,  13,  13,  14,  14,  14,  15,  15,  15,  16,  16,  17,  17,  17,  17,  18,  19,  19,  19,  19,  20,  20,  21,  21,  21,  21,  22,  22,  22,  23,  23,  23,  23,  23,  24,  24,  25,  25,  25,  25,  26,  26,  26,  27,  27,  27,  28,  28,  29,  29,  29,  29,  31,  31,  31,  32,  32,  33,  33,  34,  34,  35,  36,  37,  38
  1,   0,   1,   2,   3,   4,   5,   3,   5,   7,   7,   8,  10,  11,   9,  11,  13,  12,  13,  14,  16,  17,  17,  19,  18,  19,  20,  22,  21,  23,  25,  23,  25,  26,  28,  27,  29,  31,  29,  30,  31,  32,  34,  35,  37,  35,  36,  37,  38,  40,  39,  41,  43,  41,  43,  44,  45,  47,  47,  48,  49,  50,  53,  53,  54,  55,  56,  57,  59,  58,  59,  61,  62,  61,  63,  65,  64,  65,  66,  67,  68,  67,  71,  71,  72,  73,  74,  73,  75,  77,  76,  77,  79,  79,  81,  82,  83,  84,  85,  88,  89,  90,  91,  93,  94,  95,  97,  99, 101, 103, 106, 109

  0,   1,   1,   1,   1,   1,   1,   2,   2,   2,   3,   3,   3,   3,   4,   4,   4,   5,   5,   5,   5,   5,   6,   6,   7,   7,   7,   7,   8,   8,   8,   9,   9,   9,   9,  10,  10,  10,  11,  11,  11,  11,  11,  12,  12,  13,  13,  13,  13,  13,  14,  14,  14,  15,  15,  15,  16,  16,  17,  17,  17,  17,  18,  18,  19,  19,  19,  19,  19,  20,  20,  21,  21,  21,  21,  22,  22,  22,  23,  23,  23,  23,  23,  24,  24,  25,  25,  25,  25,  26,  26,  27,  27,  27,  28,  28,  29,  29,  29,  29,  31,  31,  31,  32,  32,  33,  33,  34,  35,  36,  37,  38
  1,   0,   1,   2,   3,   4,   5,   3,   5,   7,   7,   8,  10,  11,   9,  11,  13,  12,  13,  14,  16,  17,  17,  19,  18,  19,  20,  22,  21,  23,  25,  23,  25,  26,  28,  27,  29,  31,  29,  30,  31,  32,  34,  35,  37,  35,  36,  37,  38,  40,  39,  41,  43,  41,  43,  44,  45,  47,  47,  48,  49,  50,  49,  53,  52,  53,  54,  55,  56,  57,  59,  58,  59,  61,  62,  61,  63,  65,  64,  65,  66,  67,  68,  67,  71,  71,  72,  73,  74,  73,  75,  76,  77,  79,  79,  81,  82,  83,  84,  85,  88,  89,  90,  91,  93,  94,  95,  97, 101, 103, 106, 109

  0,   1,   1,   1,   1,   1,   1,   2,   2,   2,   3,   3,   3,   3,   4,   4,   4,   5,   5,   5,   5,   5,   6,   6,   7,   7,   7,   7,   8,   8,   8,   9,   9,   9,   9,  10,  10,  10,  11,  11,  11,  11,  11,  12,  12,  13,  13,  13,  13,  13,  14,  14,  14,  15,  15,  15,  16,  16,  17,  17,  17,  17,  17,  18,  18,  19,  19,  19,  19,  19,  20,  20,  21,  21,  21,  21,  22,  22,  22,  23,  23,  23,  23,  23,  24,  24,  25,  25,  25,  25,  26,  26,  27,  27,  27,  28,  28,  29,  29,  29,  31,  31,  31,  32,  32,  33,  33,  34,  35,  36,  37,  38
  1,   0,   1,   2,   3,   4,   5,   3,   5,   7,   7,   8,  10,  11,   9,  11,  13,  12,  13,  14,  16,  17,  17,  19,  18,  19,  20,  22,  21,  23,  25,  23,  25,  26,  28,  27,  29,  31,  29,  30,  31,  32,  34,  35,  37,  35,  36,  37,  38,  40,  39,  41,  43,  41,  43,  44,  45,  47,  46,  47,  48,  49,  50,  49,  53,  52,  53,  54,  55,  56,  57,  59,  58,  59,  61,  62,  61,  63,  65,  64,  65,  66,  67,  68,  67,  71,  71,  72,  73,  74,  73,  75,  76,  77,  79,  79,  81,  82,  83,  84,  88,  89,  90,  91,  93,  94,  95,  97, 101, 103, 106, 109

  0,   1,   1,   1,   1,   1,   1,   2,   2,   2,   3,   3,   3,   3,   4,   4,   4,   5,   5,   5,   5,   5,   6,   6,   7,   7,   7,   7,   8,   8,   8,   9,   9,   9,   9,  10,  10,  10,  11,  11,  11,  11,  11,  12,  12,  13,  13,  13,  13,  14,  14,  15,  15,  15,  16,  16,  17,  17,  17,  17,  17,  18,  18,  19,  19,  19,  19,  19,  20,  20,  21,  21,  21,  21,  22,  22,  22,  23,  23,  23,  23,  23,  24,  25,  25,  25,  26,  26,  27,  27,  27,  28,  28,  29,  29,  29,  29,  31,  31,  31,  31,  32,  32,  33,  33,  34,  35,  35,  36,  37,  37,  38
  1,   0,   1,   2,   3,   4,   5,   3,   5,   7,   7,   8,  10,  11,   9,  11,  13,  12,  13,  14,  16,  17,  17,  19,  18,  19,  20,  22,  21,  23,  25,  23,  25,  26,  28,  27,  29,  31,  29,  30,  31,  32,  34,  35,  37,  35,  36,  37,  38,  39,  41,  41,  43,  44,  45,  47,  46,  47,  48,  49,  50,  49,  53,  52,  53,  54,  55,  56,  57,  59,  58,  59,  61,  62,  61,  63,  65,  64,  65,  66,  67,  68,  67,  71,  72,  73,  73,  75,  76,  77,  79,  79,  81,  81,  82,  83,  84,  87,  88,  89,  90,  91,  93,  94,  95,  97,  99, 101, 103, 105, 106, 109

  0,   1,   1,   1,   1,   1,   2,   2,   2,   3,   3,   3,   4,   4,   5,   5,   5,   5,   6,   6,   7,   7,   7,   7,   7,   8,   8,   9,   9,   9,  10,  10,  11,  11,  11,  11,  11,  12,  12,  13,  13,  13,  13,  13,  14,  14,  15,  15,  16,  16,  17,  17,  17,  17,  17,  18,  19,  19,  19,  19,  19,  20,  20,  21,  21,  21,  22,  23,  23,  23,  23,  23,  24,  24,  25,  25,  25,  25,  26,  27,  27,  27,  28,  28,  29,  29,  29,  29,  30,  31,  31,  31,  32,  32,  33,  33,  34,  35,  35,  35,  36,  37,  37,  37,  38,  39,  40,  41,  41,  43,  43,  44
  1,   0,   1,   2,   3,   4,   3,   5,   7,   5,   7,   8,   9,  11,  11,  12,  13,  14,  13,  17,  15,  16,  17,  18,  19,  19,  21,  20,  22,  23,  23,  27,  25,  26,  27,  28,  29,  29,  31,  30,  31,  32,  33,  34,  33,  37,  37,  38,  39,  41,  40,  41,  42,  43,  44,  43,  45,  46,  47,  48,  49,  49,  51,  50,  52,  53,  53,  55,  56,  57,  58,  59,  59,  61,  61,  62,  63,  64,  63,  65,  67,  68,  69,  71,  70,  71,  72,  73,  73,  76,  77,  78,  79,  81,  82,  83,  83,  86,  87,  88,  89,  91,  92,  93,  93,  97,  99, 101, 102, 106, 107, 109

  0,   1,   1,   1,   1,   1,   2,   2,   2,   3,   3,   3,   4,   4,   5,   5,   5,   5,   6,   6,   7,   7,   7,   7,   7,   8,   8,   9,   9,   9,  10,  10,  11,  11,  11,  11,  11,  12,  12,  13,  13,  13,  13,  13,  14,  14,  15,  15,  16,  16,  17,  17,  17,  17,  17,  18,  19,  19,  19,  19,  19,  20,  20,  21,  21,  21,  22,  23,  23,  23,  23,  23,  24,  24,  25,  25,  25,  25,  26,  27,  27,  27,  28,  28,  29,  29,  29,  29,  30,  31,  31,  31,  31,  32,  33,  33,  34,  35,  35,  35,  36,  37,  37,  37,  38,  39,  40,  41,  41,  43,  43,  44
  1,   0,   1,   2,   3,   4,   3,   5,   7,   5,   7,   8,   9,  11,  11,  12,  13,  14,  13,  17,  15,  16,  17,  18,  19,  19,  21,  20,  22,  23,  23,  27,  25,  26,  27,  28,  29,  29,  31,  30,  31,  32,  33,  34,  33,  37,  37,  38,  39,  41,  40,  41,  42,  43,  44,  43,  45,  46,  47,  48,  49,  49,  51,  50,  52,  53,  53,  55,  56,  57,  58,  59,  59,  61,  61,  62,  63,  64,  63,  65,  67,  68,  69,  71,  70,  71,  72,  73,  73,  75,  76,  77,  78,  79,  82,  83,  83,  86,  87,  88,  89,  91,  92,  93,  93,  97,  99, 101, 102, 106, 107, 109

  0,   1,   1,   1,   1,   1,   2,   2,   2,   3,   3,   3,   4,   4,   5,   5,   5,   5,   6,   6,   7,   7,   7,   7,   7,   8,   8,   9,   9,   9,  10,  10,  11,  11,  11,  11,  11,  12,  12,  13,  13,  13,  13,  13,  14,  14,  15,  15,  16,  16,  17,  17,  17,  17,  17,  18,  19,  19,  19,  19,  19,  20,  20,  21,  21,  21,  22,  23,  23,  23,  23,  23,  24,  24,  25,  25,  25,  26,  27,  27,  27,  28,  28,  29,  29,  29,  29,  30,  31,  31,  31,  31,  32,  33,  33,  33,  34,  35,  35,  35,  36,  37,  37,  37,  38,  39,  40,  41,  41,  43,  43,  44
  1,   0,   1,   2,   3,   4,   3,   5,   7,   5,   7,   8,   9,  11,  11,  12,  13,  14,  13,  17,  15,  16,  17,  18,  19,  19,  21,  20,  22,  23,  23,  27,  25,  26,  27,  28,  29,  29,  31,  30,  31,  32,  33,  34,  33,  37,  37,  38,  39,  41,  40,  41,  42,  43,  44,  43,  45,  46,  47,  48,  49,  49,  51,  50,  52,  53,  53,  55,  56,  57,  58,  59,  59,  61,  61,  62,  63,  63,  65,  67,  68,  69,  71,  70,  71,  72,  73,  73,  75,  76,  77,  78,  79,  80,  82,  83,  83,  86,  87,  88,  89,  91,  92,  93,  93,  97,  99, 101, 102, 106, 107, 109

  0,   1,   1,   1,   1,   1,   2,   2,   2,   3,   3,   3,   4,   4,   5,   5,   5,   5,   6,   6,   7,   7,   7,   7,   7,   8,   8,   9,   9,   9,  10,  10,  11,  11,  11,  11,  11,  12,  12,  13,  13,  13,  13,  13,  14,  15,  15,  16,  16,  17,  17,  17,  17,  17,  18,  19,  19,  19,  19,  19,  20,  20,  21,  21,  21,  22,  23,  23,  23,  23,  23,  24,  24,  25,  25,  25,  26,  27,  27,  27,  28,  28,  29,  29,  29,  29,  30,  31,  31,  31,  31,  32,  33,  33,  33,  34,  35,  35,  35,  36,  37,  37,  37,  38,  39,  40,  41,  41,  42,  43,  43,  44
  1,   0,   1,   2,   3,   4,   3,   5,   7,   5,   7,   8,   9,  11,  11,  12,  13,  14,  13,  17,  15,  16,  17,  18,  19,  19,  21,  20,  22,  23,  23,  27,  25,  26,  27,  28,  29,  29,  31,  30,  31,  32,  33,  34,  33,  37,  38,  39,  41,  40,  41,  42,  43,  44,  43,  45,  46,  47,  48,  49,  49,  51,  50,  52,  53,  53,  55,  56,  57,  58,  59,  59,  61,  61,  62,  63,  63,  65,  67,  68,  69,  71,  70,  71,  72,  73,  73,  75,  76,  77,  78,  79,  80,  82,  83,  83,  86,  87,  88,  89,  91,  92,  93,  93,  97,  99, 101, 102, 103, 106, 107, 109

  0,   1,   1,   1,   1,   1,   2,   2,   2,   3,   3,   3,   4,   4,   5,   5,   5,   5,   6,   6,   7,   7,   7,   7,   7,   8,   8,   9,   9,   9,  10,  10,  11,  11,  11,  11,  11,  12,  12,  13,  13,  13,  13,  13,  14,  15,  15,  16,  16,  17,  17,  17,  17,  17,  18,  19,  19,  19,  19,  19,  20,  20,  21,  21,  21,  22,  23,  23,  23,  23,  24,  24,  25,  25,  25,  26,  27,  27,  27,  28,  28,  29,  29,  29,  29,  30,  31,  31,  31,  31,  32,  33,  33,  33,  34,  35,  35,  35,  36,  37,  37,  37,  38,  39,  39,  40,  41,  41,  42,  43,  43,  44
  1,   0,   1,   2,   3,   4,   3,   5,   7,   5,   7,   8,   9,  11,  11,  12,  13,  14,  13,  17,  15,  16,  17,  18,  19,  19,  21,  20,  22,  23,  23,  27,  25,  26,  27,  28,  29,  29,  31,  30,  31,  32,  33,  34,  33,  37,  38,  39,  41,  40,  41,  42,  43,  44,  43,  45,  46,  47,  48,  49,  49,  51,  50,  52,  53,  53,  55,  56,  57,  58,  59,  61,  61,  62,  63,  63,  65,  67,  68,  69,  71,  70,  71,  72,  73,  73,  75,  76,  77,  78,  79,  80,  82,  83,  83,  86,  87,  88,  89,  90,  91,  92,  93,  95,  97,  99, 101, 102, 103, 106, 107, 109

  0,   1,   1,   1,   1,   1,   2,   2,   2,   3,   3,   3,   4,   4,   5,   5,   5,   5,   6,   6,   7,   7,   7,   7,   7,   8,   8,   9,   9,   9,  10,  10,  11,  11,  11,  11,  11,  12,  12,  13,  13,  13,  13,  13,  14,  15,  15,  16,  16,  17,  17,  17,  17,  17,  18,  19,  19,  19,  19,  19,  20,  20,  21,  21,  21,  22,  23,  23,  23,  23,  24,  24,  25,  25,  25,  26,  27,  27,  27,  28,  29,  29,  29,  29,  30,  31,  31,  31,  31,  32,  33,  33,  33,  34,  35,  35,  35,  36,  37,  37,  37,  38,  39,  39,  40,  41,  41,  41,  42,  43,  43,  44
  1,   0,   1,   2,   3,   4,   3,   5,   7,   5,   7,   8,   9,  11,  11,  12,  13,  14,  13,  17,  15,  16,  17,  18,  19,  19,  21,  20,  22,  23,  23,  27,  25,  26,  27,  28,  29,  29,  31,  30,  31,  32,  33,  34,  33,  37,  38,  39,  41,  40,  41,  42,  43,  44,  43,  45,  46,  47,  48,  49,  49,  51,  50,  52,  53,  53,  55,  56,  57,  58,  59,  61,  61,  62,  63,  63,  65,  67,  68,  69,  70,  71,  72,  73,  73,  75,  76,  77,  78,  79,  80,  82,  83,  83,  86,  87,  88,  89,  90,  91,  92,  93,  95,  97,  99, 100, 101, 102, 103, 106, 107, 109

