  0,   1,   1,   1,   1,   1,   1,   1,   1,   1,   1,   1,   1,   1,   1,   1,   1,   1,   1,   1,   1,   1,   1,   1,   1,   1,   1,   1,   1,   1,   1,   1,   1,   1,   1,   1,   1,   1,   1,   1,   1,   2
  1,   0,   1,   2,   3,   4,   5,   6,   7,   8,   9,  10,  11,  12,  13,  14,  15,  16,  17,  18,  19,  20,  21,  22,  23,  24,  25,  26,  27,  28,  29,  30,  31,  32,  33,  34,  35,  36,  37,  38,  39,  39

  0,   1,   1,   1,   1,   1,   1,   1,   1,   1,   1,   1,   1,   1,   1,   1,   1,   1,   1,   1,   1,   1,   1,   1,   1,   1,   1,   1,   1,   1,   1,   1,   1,   1,   1,   1,   1,   1,   1,   1,   1,   2
  1,   0,   1,   2,   3,   4,   5,   6,   7,   8,   9,  10,  11,  12,  13,  14,  15,  16,  17,  18,  19,  20,  21,  22,  23,  24,  25,  26,  27,  28,  29,  30,  31,  32,  33,  34,  35,  36,  37,  38,  39,  39

  0,   1,   1,   1,   1,   1,   1,   1,   1,   1,   1,   1,   1,   1,   1,   1,   1,   1,   1,   1,   1,   1,   1,   1,   1,   1,   1,   1,   1,   1,   1,   1,   1,   1,   1,   1,   1,   1,   1,   1,   2,   2
  1,   0,   1,   2,   3,   4,   5,   6,   7,   8,   9,  10,  11,  12,  13,  14,  15,  16,  17,  18,  19,  20,  21,  22,  23,  24,  25,  26,  27,  28,  29,  30,  31,  32,  33,  34,  35,  36,  37,  38,  37,  39

  0,   1,   1,   1,   1,   1,   1,   1,   1,   1,   1,   1,   1,   1,   1,   1,   1,   1,   1,   1,   1,   1,   1,   1,   1,   1,   1,   1,   1,   1,   1,   1,   1,   1,   1,   1,   1,   1,   1,   2,   2,   2
  1,   0,   1,   2,   3,   4,   5,   6,   7,   8,   9,  10,  11,  12,  13,  14,  15,  16,  17,  18,  19,  20,  21,  22,  23,  24,  25,  26,  27,  28,  29,  30,  31,  32,  33,  34,  35,  36,  37,  35,  37,  39

  0,   1,   1,   1,   1,   1,   1,   1,   1,   1,   1,   1,   1,   1,   1,   1,   1,   1,   1,   1,   1,   1,   1,   1,   1,   1,   1,   1,   1,   1,   1,   1,   1,   1,   1,   1,   1,   1,   2,   2,   2,   2
  1,   0,   1,   2,   3,   4,   5,   6,   7,   8,   9,  10,  11,  12,  13,  14,  15,  16,  17,  18,  19,  20,  21,  22,  23,  24,  25,  26,  27,  28,  29,  30,  31,  32,  33,  34,  35,  36,  33,  35,  37,  39

  0,   1,   1,   1,   1,   1,   1,   1,   1,   1,   1,   1,   1,   1,   1,   1,   1,   1,   1,   1,   1,   1,   1,   1,   1,   1,   1,   1,   1,   1,   1,   1,   1,   1,   1,   1,   1,   2,   2,   2,   2,   2
  1,   0,   1,   2,   3,   4,   5,   6,   7,   8,   9,  10,  11,  12,  13,  14,  15,  16,  17,  18,  19,  20,  21,  22,  23,  24,  25,  26,  27,  28,  29,  30,  31,  32,  33,  34,  35,  31,  33,  35,  37,  39

  0,   1,   1,   1,   1,   1,   1,   1,   1,   1,   1,   1,   1,   1,   1,   1,   1,   1,   1,   1,   1,   1,   1,   1,   1,   1,   1,   1,   1,   1,   1,   1,   1,   1,   1,   1,   2,   2,   2,   2,   2,   2
  1,   0,   1,   2,   3,   4,   5,   6,   7,   8,   9,  10,  11,  12,  13,  14,  15,  16,  17,  18,  19,  20,  21,  22,  23,  24,  25,  26,  27,  28,  29,  30,  31,  32,  33,  34,  29,  31,  33,  35,  37,  39

  0,   1,   1,   1,   1,   1,   1,   1,   1,   1,   1,   1,   1,   1,   1,   1,   1,   1,   1,   1,   1,   1,   1,   1,   1,   1,   1,   1,   1,   1,   1,   1,   1,   1,   1,   2,   2,   2,   2,   2,   2,   2
  1,   0,   1,   2,   3,   4,   5,   6,   7,   8,   9,  10,  11,  12,  13,  14,  15,  16,  17,  18,  19,  20,  21,  22,  23,  24,  25,  26,  27,  28,  29,  30,  31,  32,  33,  27,  29,  31,  33,  35,  37,  39

  0,   1,   1,   1,   1,   1,   1,   1,   1,   1,   1,   1,   1,   1,   1,   1,   1,   1,   1,   1,   1,   1,   1,   1,   1,   1,   1,   1,   1,   1,   1,   1,   1,   1,   2,   2,   2,   2,   2,   2,   2,   2
  1,   0,   1,   2,   3,   4,   5,   6,   7,   8,   9,  10,  11,  12,  13,  14,  15,  16,  17,  18,  19,  20,  21,  22,  23,  24,  25,  26,  27,  28,  29,  30,  31,  32,  25,  27,  29,  31,  33,  35,  37,  39

  0,   1,   1,   1,   1,   1,   1,   1,   1,   1,   1,   1,   1,   1,   1,   1,   1,   1,   1,   1,   1,   1,   1,   1,   1,   1,   1,   1,   1,   1,   1,   1,   1,   2,   2,   2,   2,   2,   2,   2,   2,   2
  1,   0,   1,   2,   3,   4,   5,   6,   7,   8,   9,  10,  11,  12,  13,  14,  15,  16,  17,  18,  19,  20,  21,  22,  23,  24,  25,  26,  27,  28,  29,  30,  31,  23,  25,  27,  29,  31,  33,  35,  37,  39

  0,   1,   1,   1,   1,   1,   1,   1,   1,   1,   1,   1,   1,   1,   1,   1,   1,   1,   1,   1,   1,   1,   1,   1,   1,   1,   1,   1,   1,   1,   1,   1,   2,   2,   2,   2,   2,   2,   2,   2,   2,   2
  1,   0,   1,   2,   3,   4,   5,   6,   7,   8,   9,  10,  11,  12,  13,  14,  15,  16,  17,  18,  19,  20,  21,  22,  23,  24,  25,  26,  27,  28,  29,  30,  21,  23,  25,  27,  29,  31,  33,  35,  37,  39

  0,   1,   1,   1,   1,   1,   1,   1,   1,   1,   1,   1,   1,   1,   1,   1,   1,   1,   1,   1,   1,   1,   1,   2,   2,   2,   2,   2,   2,   2,   2,   2,   2,   3,   3,   3,   3,   3,   3,   3,   3,   3
  1,   0,   1,   2,   3,   4,   5,   6,   7,   8,   9,  10,  11,  12,  14,  15,  16,  17,  18,  19,  20,  21,  22,  13,  15,  17,  19,  21,  23,  25,  27,  29,  31,  28,  29,  31,  32,  34,  35,  37,  38,  39

  0,   1,   1,   1,   1,   1,   1,   1,   1,   1,   1,   1,   1,   1,   1,   1,   1,   1,   1,   1,   1,   2,   2,   2,   2,   2,   2,   2,   2,   2,   3,   3,   3,   3,   3,   3,   3,   3,   3,   3,   4,   4
  1,   0,   1,   2,   3,   4,   5,   6,   7,   8,   9,  10,  11,  12,  13,  14,  15,  16,  17,  18,  19,  11,  13,  15,  17,  19,  21,  23,  25,  27,  22,  23,  25,  26,  28,  29,  31,  32,  34,  35,  37,  39

  0,   1,   1,   1,   1,   1,   1,   1,   1,   1,   1,   1,   1,   1,   1,   1,   1,   1,   1,   1,   2,   2,   2,   2,   2,   2,   2,   2,   2,   3,   3,   3,   3,   3,   3,   3,   3,   3,   3,   4,   4,   4
  1,   0,   1,   2,   3,   4,   5,   6,   7,   8,   9,  10,  11,  12,  13,  14,  15,  16,  17,  18,  11,  13,  15,  17,  19,  21,  23,  25,  27,  22,  23,  25,  26,  28,  29,  31,  32,  34,  35,  35,  37,  39

  0,   1,   1,   1,   1,   1,   1,   1,   1,   1,   1,   1,   1,   1,   1,   1,   1,   2,   2,   2,   2,   2,   2,   2,   3,   3,   3,   3,   3,   3,   3,   3,   3,   4,   4,   4,   4,   4,   5,   5,   5,   5
  1,   0,   1,   2,   3,   4,   5,   6,   7,   8,   9,  10,  11,  12,  13,  14,  15,   9,  11,  13,  15,  17,  19,  21,  17,  19,  20,  22,  23,  25,  26,  28,  29,  27,  29,  31,  33,  35,  36,  37,  38,  39

  0,   1,   1,   1,   1,   1,   1,   1,   1,   1,   1,   1,   1,   1,   1,   1,   1,   2,   2,   2,   2,   2,   2,   2,   3,   3,   3,   3,   3,   3,   3,   3,   3,   3,   4,   4,   4,   4,   5,   5,   5,   5
  1,   0,   1,   2,   3,   4,   5,   6,   7,   8,   9,  10,  11,  12,  13,  14,  15,   9,  11,  13,  15,  17,  19,  21,  16,  17,  19,  20,  22,  23,  25,  26,  28,  29,  27,  29,  31,  33,  36,  37,  38,  39

  0,   1,   1,   1,   1,   1,   1,   1,   1,   1,   1,   1,   1,   1,   1,   1,   1,   2,   2,   2,   2,   2,   2,   2,   3,   3,   3,   3,   3,   3,   3,   3,   3,   4,   4,   4,   4,   4,   5,   5,   5,   5
  1,   0,   1,   2,   3,   4,   5,   6,   7,   8,   9,  10,  11,  12,  13,  14,  15,   9,  11,  13,  15,  17,  19,  21,  16,  17,  19,  20,  22,  23,  25,  26,  28,  25,  27,  29,  31,  33,  36,  37,  38,  39

  0,   1,   1,   1,   1,   1,   1,   1,   1,   1,   1,   1,   1,   1,   1,   1,   2,   2,   2,   2,   2,   2,   2,   3,   3,   3,   3,   3,   3,   3,   3,   3,   4,   4,   4,   4,   4,   5,   5,   5,   5,   5
  1,   0,   1,   2,   3,   4,   5,   6,   7,   8,   9,  10,  11,  12,  13,  14,   9,  11,  13,  15,  17,  19,  21,  16,  17,  19,  20,  22,  23,  25,  26,  28,  25,  27,  29,  31,  33,  34,  36,  37,  38,  39

  0,   1,   1,   1,   1,   1,   1,   1,   1,   1,   1,   1,   1,   1,   1,   1,   2,   2,   2,   2,   2,   2,   2,   3,   3,   3,   3,   3,   3,   3,   3,   4,   4,   4,   4,   4,   5,   5,   5,   5,   5,   5
  1,   0,   1,   2,   3,   4,   5,   6,   7,   8,   9,  10,  11,  12,  13,  14,   9,  11,  13,  15,  17,  19,  21,  16,  17,  19,  20,  22,  23,  25,  26,  25,  27,  29,  31,  33,  33,  34,  36,  37,  38,  39

  0,   1,   1,   1,   1,   1,   1,   1,   1,   1,   1,   1,   1,   1,   1,   1,   2,   2,   2,   2,   2,   2,   3,   3,   3,   3,   3,   3,   3,   3,   4,   4,   4,   4,   4,   5,   5,   5,   5,   5,   5,   5
  1,   0,   1,   2,   3,   4,   5,   6,   7,   8,   9,  10,  11,  12,  13,  14,   9,  11,  13,  15,  17,  19,  16,  17,  19,  20,  22,  23,  25,  26,  25,  27,  29,  31,  33,  32,  33,  34,  36,  37,  38,  39

  0,   1,   1,   1,   1,   1,   1,   1,   1,   1,   1,   1,   1,   1,   2,   2,   2,   2,   2,   3,   3,   3,   3,   3,   3,   3,   3,   4,   4,   4,   4,   4,   5,   5,   5,   5,   5,   5,   5,   6,   6,   6
  1,   0,   1,   2,   3,   4,   5,   6,   7,   8,   9,  10,  11,  12,   7,   9,  11,  15,  17,  13,  14,  16,  17,  19,  20,  22,  23,  21,  23,  25,  27,  29,  27,  28,  29,  31,  32,  33,  34,  35,  37,  39

  0,   1,   1,   1,   1,   1,   2,   2,   2,   3,   3,   3,   3,   4,   4,   4,   5,   5,   5,   5,   6,   6,   7,   7,   7,   7,   8,   8,   8,   9,   9,  10,  10,  11,  11,  11,  12,  13,  13,  13,  13,  14
  1,   0,   1,   2,   4,   5,   3,   5,   7,   7,   8,  10,  11,   9,  11,  13,  12,  13,  14,  16,  17,  19,  18,  19,  20,  22,  21,  23,  25,  25,  26,  27,  29,  30,  31,  32,  35,  36,  37,  38,  39,  39

  0,   1,   1,   1,   1,   1,   1,   2,   2,   2,   2,   3,   3,   3,   3,   4,   4,   4,   5,   5,   5,   5,   5,   6,   6,   7,   7,   7,   7,   8,   8,   8,   9,   9,   9,  10,  10,  11,  11,  11,  12,  13
  1,   0,   1,   2,   4,   5,   6,   3,   5,   7,   9,   7,   8,  10,  11,  11,  13,  15,  13,  14,  16,  17,  18,  17,  19,  20,  22,  23,  24,  23,  25,  27,  26,  28,  29,  31,  33,  34,  35,  36,  37,  39

  0,   1,   1,   1,   1,   1,   1,   2,   2,   2,   2,   3,   3,   3,   3,   4,   4,   4,   5,   5,   5,   5,   5,   6,   6,   7,   7,   7,   7,   7,   8,   8,   8,   9,   9,   9,  10,  10,  11,  11,  12,  13
  1,   0,   1,   2,   4,   5,   6,   3,   5,   7,   9,   7,   8,  10,  11,  11,  13,  15,  13,  14,  16,  17,  18,  17,  19,  19,  20,  22,  23,  24,  23,  25,  27,  26,  28,  29,  29,  31,  34,  35,  37,  39

  0,   1,   1,   1,   1,   1,   1,   2,   2,   2,   2,   3,   3,   3,   3,   4,   4,   4,   4,   5,   5,   5,   5,   5,   5,   6,   6,   7,   7,   7,   7,   7,   8,   8,   8,   9,   9,   9,  10,  10,  11,  13
  1,   0,   1,   2,   4,   5,   6,   3,   5,   7,   9,   7,   8,  10,  11,   9,  11,  13,  15,  12,  13,  14,  16,  17,  18,  17,  19,  19,  20,  22,  23,  24,  23,  25,  27,  26,  28,  29,  29,  31,  34,  39

  0,   1,   1,   1,   1,   1,   1,   2,   2,   2,   2,   3,   3,   3,   3,   4,   4,   4,   4,   5,   5,   5,   5,   5,   5,   6,   6,   7,   7,   7,   7,   8,   8,   9,   9,   9,   9,  10,  10,  11,  11,  13
  1,   0,   1,   2,   4,   5,   6,   3,   5,   7,   9,   7,   8,  10,  11,   9,  11,  13,  15,  12,  13,  14,  16,  17,  18,  17,  19,  19,  20,  22,  23,  23,  25,  25,  26,  28,  29,  29,  31,  32,  34,  39

  0,   1,   1,   1,   1,   1,   1,   2,   2,   2,   2,   3,   3,   3,   3,   4,   4,   4,   4,   5,   5,   5,   5,   5,   5,   6,   6,   7,   7,   7,   7,   7,   8,   8,   8,   9,   9,   9,  10,  10,  11,  13
  1,   0,   1,   2,   4,   5,   6,   3,   5,   7,   9,   7,   8,  10,  11,   9,  11,  13,  15,  12,  13,  14,  16,  17,  18,  17,  19,  18,  19,  20,  22,  23,  21,  23,  25,  25,  26,  28,  29,  31,  32,  39

  0,   1,   1,   1,   1,   1,   1,   2,   2,   2,   2,   3,   3,   3,   3,   4,   4,   4,   5,   5,   5,   5,   5,   6,   6,   7,   7,   7,   7,   7,   8,   8,   8,   9,   9,   9,  10,  10,  11,  11,  12,  13
  1,   0,   1,   2,   4,   5,   6,   3,   5,   7,   9,   7,   8,  10,  11,   9,  11,  13,  12,  13,  14,  16,  17,  17,  19,  18,  19,  20,  22,  23,  21,  23,  25,  25,  26,  28,  29,  31,  31,  32,  35,  39

  0,   1,   1,   1,   1,   1,   1,   2,   2,   2,   2,   3,   3,   3,   3,   4,   4,   4,   5,   5,   5,   5,   5,   6,   6,   7,   7,   7,   7,   8,   8,   8,   9,   9,   9,  10,  10,  11,  11,  11,  12,  13
  1,   0,   1,   2,   4,   5,   6,   3,   5,   7,   9,   7,   8,  10,  11,   9,  11,  13,  12,  13,  14,  16,  17,  17,  19,  18,  19,  20,  22,  21,  23,  25,  25,  26,  28,  27,  29,  30,  31,  32,  35,  39

  0,   1,   1,   1,   1,   1,   2,   2,   2,   3,   3,   3,   3,   4,   4,   4,   5,   5,   5,   5,   5,   6,   6,   7,   7,   7,   7,   8,   8,   8,   9,   9,   9,  10,  10,  11,  11,  11,  12,  13,  13,  13
  1,   0,   1,   2,   4,   5,   3,   5,   7,   7,   8,  10,  11,   9,  11,  13,  12,  13,  14,  16,  17,  17,  19,  18,  19,  20,  22,  21,  23,  25,  25,  26,  28,  27,  29,  30,  31,  32,  35,  37,  38,  39

  0,   1,   1,   1,   1,   1,   1,   2,   2,   2,   3,   3,   3,   3,   4,   4,   4,   5,   5,   5,   5,   6,   6,   7,   7,   7,   7,   8,   8,   8,   9,   9,  10,  10,  11,  11,  11,  12,  13,  13,  13,  14
  1,   0,   1,   2,   3,   4,   5,   3,   5,   7,   7,   8,  10,  11,   9,  11,  13,  12,  13,  14,  16,  17,  19,  18,  19,  20,  22,  21,  23,  25,  25,  26,  27,  29,  30,  31,  32,  35,  36,  37,  38,  39

  0,   1,   1,   1,   1,   1,   1,   2,   2,   2,   3,   3,   3,   3,   4,   4,   4,   5,   5,   5,   5,   6,   6,   7,   7,   7,   7,   8,   8,   9,   9,   9,  10,  10,  11,  11,  11,  11,  12,  13,  13,  14
  1,   0,   1,   2,   3,   4,   5,   3,   5,   7,   7,   8,  10,  11,   9,  11,  13,  12,  13,  14,  16,  17,  19,  18,  19,  20,  22,  21,  23,  23,  25,  26,  27,  29,  29,  30,  31,  32,  35,  36,  37,  39

  0,   1,   1,   1,   1,   1,   1,   2,   2,   2,   3,   3,   3,   3,   4,   4,   4,   5,   5,   5,   5,   6,   6,   7,   7,   7,   8,   8,   9,   9,   9,  10,  10,  11,  11,  11,  11,  12,  13,  13,  13,  14
  1,   0,   1,   2,   3,   4,   5,   3,   5,   7,   7,   8,  10,  11,   9,  11,  13,  12,  13,  14,  16,  17,  19,  18,  19,  20,  21,  23,  23,  25,  26,  27,  29,  29,  30,  31,  32,  35,  35,  36,  37,  39

  0,   1,   1,   1,   1,   1,   1,   2,   2,   2,   3,   3,   3,   3,   4,   4,   4,   5,   5,   5,   5,   6,   6,   7,   7,   7,   7,   7,   8,   8,   9,   9,   9,  10,  10,  11,  11,  11,  11,  13,  13,  14
  1,   0,   1,   2,   3,   4,   5,   3,   5,   7,   7,   8,  10,  11,   9,  11,  13,  12,  13,  14,  16,  17,  19,  17,  18,  19,  20,  22,  21,  23,  23,  25,  26,  27,  29,  29,  30,  31,  32,  36,  37,  39

  0,   1,   1,   1,   1,   1,   1,   2,   2,   2,   3,   3,   3,   3,   4,   4,   4,   5,   5,   5,   5,   6,   6,   7,   7,   7,   7,   8,   8,   9,   9,   9,  10,  10,  11,  11,  11,  11,  13,  13,  13,  14
  1,   0,   1,   2,   3,   4,   5,   3,   5,   7,   7,   8,  10,  11,   9,  11,  13,  12,  13,  14,  16,  17,  19,  17,  18,  19,  20,  21,  23,  23,  25,  26,  27,  29,  29,  30,  31,  32,  35,  36,  37,  39

  0,   1,   1,   1,   1,   1,   1,   2,   2,   2,   3,   3,   3,   4,   4,   4,   5,   5,   5,   5,   6,   7,   7,   7,   7,   8,   8,   9,   9,   9,  10,  10,  11,  11,  11,  11,  12,  13,  13,  13,  14,  14
  1,   0,   1,   2,   3,   4,   5,   3,   5,   7,   7,   8,  10,   9,  11,  13,  12,  13,  14,  16,  17,  17,  18,  19,  20,  21,  23,  23,  25,  26,  27,  29,  28,  29,  30,  31,  31,  34,  35,  36,  37,  39

  0,   1,   1,   1,   1,   1,   1,   2,   2,   2,   3,   3,   3,   4,   4,   4,   5,   5,   5,   6,   7,   7,   7,   7,   7,   8,   8,   8,   9,   9,   9,  10,  11,  11,  11,  11,  12,  13,  13,  13,  14,  15
  1,   0,   1,   2,   3,   4,   5,   3,   5,   7,   7,   8,  10,   9,  11,  13,  11,  12,  14,  17,  16,  17,  18,  19,  20,  19,  21,  23,  22,  23,  25,  27,  27,  28,  29,  30,  31,  33,  34,  35,  37,  39

  0,   1,   1,   1,   1,   1,   1,   2,   2,   2,   3,   3,   3,   4,   4,   5,   5,   5,   6,   7,   7,   7,   7,   7,   8,   8,   9,   9,   9,  10,  11,  11,  11,  11,  12,  13,  13,  13,  13,  14,  15,  15
  1,   0,   1,   2,   3,   4,   5,   3,   5,   7,   7,   8,  10,   9,  11,  11,  12,  14,  17,  16,  17,  18,  19,  20,  19,  21,  22,  23,  25,  27,  27,  28,  29,  30,  31,  32,  33,  34,  35,  37,  38,  39

  0,   1,   1,   1,   1,   1,   2,   2,   2,   3,   3,   3,   4,   4,   5,   5,   5,   5,   6,   7,   7,   7,   7,   7,   8,   8,   9,   9,   9,  10,  11,  11,  11,  11,  12,  13,  13,  13,  13,  14,  15,  16
  1,   0,   1,   2,   3,   4,   3,   5,   7,   5,   7,   8,   9,  11,  11,  12,  13,  14,  13,  15,  16,  17,  18,  19,  19,  21,  20,  22,  23,  23,  25,  26,  27,  28,  29,  30,  31,  32,  33,  33,  37,  39

  0,   1,   1,   1,   1,   1,   2,   2,   3,   3,   3,   4,   4,   5,   5,   5,   6,   7,   7,   7,   7,   8,   8,   9,   9,  10,  10,  11,  11,  11,  12,  13,  13,  13,  14,  14,  15,  15,  16,  17,  17,  18
  1,   0,   1,   2,   3,   4,   3,   5,   5,   7,   8,   7,   9,   9,  11,  12,  11,  13,  15,  16,  17,  17,  19,  19,  20,  21,  23,  23,  24,  25,  25,  27,  28,  29,  29,  31,  31,  32,  35,  36,  37,  39

  0,   1,   1,   1,   1,   1,   1,   1,   1,   1,   1,   1,   1,   1,   1,   1,   1,   1,   1,   1,   1,   1,   1,   2,   2,   2,   2,   2,   2,   2,   2,   2,   2,   3,   3,   3,   3,   3,   3,   3,   3,   3
 13,  -9,  -8,  -7,  -6,  -5,  -4,  -3,  -2,  -1,   1,   2,   3,   4,   5,   6,   7,   8,   9,  10,  11,  12,  13,  -5,  -3,  -1,   1,   3,   5,   7,   9,  11,  13,   0,   1,   2,   4,   5,   7,   8,  10,  11

  0,   1,   1,   1,   1,   1,   1,   1,   1,   1,   1,   1,   1,   1,   1,   1,   1,   1,   1,   1,   1,   1,   2,   2,   2,   2,   2,   2,   2,   2,   2,   3,   3,   3,   3,   3,   3,   3,   3,   3,   3,   3
 13,  -9,  -8,  -7,  -6,  -5,  -4,  -3,  -2,  -1,   1,   2,   3,   4,   5,   6,   7,   8,   9,  10,  11,  12,  -5,  -3,  -1,   1,   3,   5,   7,   9,  11,  -2,  -1,   0,   1,   2,   4,   5,   7,   8,  10,  11

  0,   1,   1,   1,   1,   1,   1,   1,   1,   1,   1,   1,   1,   1,   1,   1,   1,   1,   1,   1,   1,   1,   1,   2,   2,   2,   2,   2,   2,   2,   2,   2,   2,   3,   3,   3,   3,   3,   3,   3,   3,   3
 13, -10,  -9,  -8,  -7,  -6,  -5,  -4,  -3,  -2,  -1,   1,   2,   3,   4,   5,   6,   7,   8,   9,  10,  11,  12,  -7,  -5,  -3,  -1,   1,   3,   5,   7,   9,  11,  -2,  -1,   0,   1,   2,   4,   5,   7,   8

  0,   1,   1,   1,   1,   1,   1,   1,   1,   1,   1,   1,   1,   1,   1,   1,   1,   1,   1,   1,   1,   1,   2,   2,   2,   2,   2,   2,   2,   2,   2,   3,   3,   3,   3,   3,   3,   3,   3,   3,   3,   3
 13, -10,  -9,  -8,  -7,  -6,  -5,  -4,  -3,  -2,  -1,   1,   2,   3,   4,   5,   6,   7,   8,   9,  10,  11,  -7,  -5,  -3,  -1,   1,   3,   5,   7,   9,  -5,  -4,  -2,  -1,   0,   1,   2,   4,   5,   7,   8

  0,   1,   1,   1,   1,   1,   1,   1,   1,   1,   1,   1,   1,   1,   1,   1,   1,   1,   1,   1,   1,   1,   1,   2,   2,   2,   2,   2,   2,   2,   2,   2,   2,   3,   3,   3,   3,   3,   3,   3,   3,   3
 13, -11, -10,  -9,  -8,  -7,  -6,  -5,  -4,  -3,  -2,  -1,   1,   2,   3,   4,   5,   6,   7,   8,   9,  10,  11,  -9,  -7,  -5,  -3,  -1,   1,   3,   5,   7,   9,  -5,  -4,  -2,  -1,   0,   1,   2,   4,   5

  0,   1,   1,   1,   1,   1,   1,   1,   1,   1,   1,   1,   1,   1,   1,   1,   1,   1,   1,   1,   1,   1,   2,   2,   2,   2,   2,   2,   2,   2,   2,   3,   3,   3,   3,   3,   3,   3,   3,   3,   3,   3
 13, -12, -11, -10,  -9,  -8,  -7,  -6,  -5,  -4,  -3,  -2,  -1,   1,   2,   3,   4,   5,   6,   7,   8,   9, -11,  -9,  -7,  -5,  -3,  -1,   1,   3,   5, -11, -10,  -8,  -7,  -5,  -4,  -2,  -1,   0,   1,   2

  0,   1,   1,   1,   1,   1,   1,   1,   1,   1,   1,   1,   1,   1,   1,   1,   1,   1,   1,   1,   1,   1,   2,   2,   2,   2,   2,   2,   2,   2,   2,   3,   3,   3,   3,   3,   3,   3,   3,   3,   3,   3
 13, -11, -10,  -9,  -8,  -7,  -6,  -5,  -4,  -3,  -2,  -1,   1,   2,   3,   4,   5,   6,   7,   8,   9,  10,  -9,  -7,  -5,  -3,  -1,   1,   3,   5,   7,  -8,  -7,  -5,  -4,  -2,  -1,   0,   1,   2,   4,   5

  0,   1,   1,   1,   1,   1,   1,   1,   1,   1,   1,   1,   1,   1,   1,   1,   1,   1,   1,   1,   1,   1,   1,   2,   2,   2,   2,   2,   2,   2,   2,   2,   2,   3,   3,   3,   3,   3,   3,   3,   3,   3
 13, -12, -11, -10,  -9,  -8,  -7,  -6,  -5,  -4,  -3,  -2,  -1,   1,   2,   3,   4,   5,   6,   7,   8,   9,  10, -11,  -9,  -7,  -5,  -3,  -1,   1,   3,   5,   7,  -8,  -7,  -5,  -4,  -2,  -1,   0,   1,   2

  0,   1,   1,   1,   1,   1,   1,   1,   1,   1,   1,   1,   1,   1,   1,   1,   1,   1,   1,   1,   1,   1,   1,   2,   2,   2,   2,   2,   2,   2,   2,   2,   2,   3,   3,   3,   3,   3,   3,   3,   3,   3
 13, -13, -12, -11, -10,  -9,  -8,  -7,  -6,  -5,  -4,  -3,  -2,  -1,   1,   2,   3,   4,   5,   6,   7,   8,   9, -13, -11,  -9,  -7,  -5,  -3,  -1,   1,   3,   5, -11, -10,  -8,  -7,  -5,  -4,  -2,  -1,   0

