  0,   1,   1,   1,   1,   1,   1,   1,   1,   1,   1,   1,   1,   1,   1,   1,   1,   1,   2,   2,   2,   2,   2,   2,   2,   2,   2,   3,   3,   3,   3,   3,   3,   3,   3,   3,   3,   4,   4,   4,   4,   4,   4,   4,   4,   5,   5,   5,   5,   5,   5,   5,   5,   5,   5,   5,   6,   6,   6,   6,   7,   7,   7,   7,   7,   7,   7
  1,   0,   1,   2,   3,   4,   5,   6,   7,   8,  10,  11,  12,  13,  14,  15,  16,  17,   9,  11,  13,  15,  17,  19,  21,  23,  25,  19,  20,  22,  23,  25,  26,  28,  29,  31,  32,  27,  29,  31,  33,  35,  37,  39,  41,  37,  38,  39,  41,  42,  43,  44,  46,  47,  48,  49,  47,  49,  53,  55,  57,  58,  59,  60,  61,  62,  63

  0,   1,   1,   1,   1,   1,   1,   1,   1,   1,   1,   1,   1,   1,   1,   1,   1,   1,   2,   2,   2,   2,   2,   2,   2,   2,   2,   3,   3,   3,   3,   3,   3,   3,   3,   3,   3,   4,   4,   4,   4,   4,   4,   4,   4,   5,   5,   5,   5,   5,   5,   5,   5,   5,   5,   5,   6,   6,   6,   6,   7,   7,   7,   7,   7,   7,   7
  1,   0,   1,   2,   3,   4,   5,   6,   7,   8,  10,  11,  12,  13,  14,  15,  16,  17,   9,  11,  13,  15,  17,  19,  21,  23,  25,  19,  20,  22,  23,  25,  26,  28,  29,  31,  32,  27,  29,  31,  33,  35,  37,  39,  41,  36,  37,  38,  39,  41,  42,  43,  44,  46,  47,  48,  47,  49,  53,  55,  57,  58,  59,  60,  61,  62,  63

  0,   1,   1,   1,   1,   1,   1,   1,   1,   1,   1,   1,   1,   1,   2,   2,   2,   2,   2,   2,   2,   3,   3,   3,   3,   3,   3,   3,   3,   3,   4,   4,   4,   4,   4,   4,   4,   5,   5,   5,   5,   5,   5,   5,   5,   5,   5,   6,   6,   6,   6,   7,   7,   7,   7,   7,   7,   7,   7,   8,   8,   8,   8,   9,   9,   9,   9
  1,   0,   1,   2,   3,   4,   5,   6,   8,   9,  10,  11,  12,  13,   7,   9,  11,  13,  15,  17,  19,  14,  16,  17,  19,  20,  22,  23,  25,  26,  21,  23,  25,  27,  29,  31,  33,  28,  29,  31,  32,  33,  34,  36,  37,  38,  39,  35,  37,  41,  43,  43,  44,  45,  46,  47,  48,  50,  51,  51,  53,  55,  57,  59,  61,  62,  63

  0,   1,   1,   1,   1,   1,   1,   1,   1,   1,   1,   1,   1,   1,   2,   2,   2,   2,   2,   2,   2,   3,   3,   3,   3,   3,   3,   3,   3,   3,   4,   4,   4,   4,   4,   4,   5,   5,   5,   5,   5,   5,   5,   5,   5,   5,   6,   6,   6,   6,   7,   7,   7,   7,   7,   7,   7,   7,   8,   8,   8,   8,   9,   9,   9,   9,   9
  1,   0,   1,   2,   3,   4,   5,   6,   8,   9,  10,  11,  12,  13,   7,   9,  11,  13,  15,  17,  19,  14,  16,  17,  19,  20,  22,  23,  25,  26,  21,  23,  25,  27,  29,  31,  28,  29,  31,  32,  33,  34,  36,  37,  38,  39,  35,  37,  41,  43,  43,  44,  45,  46,  47,  48,  50,  51,  51,  53,  55,  57,  58,  59,  61,  62,  63

  0,   1,   1,   1,   1,   1,   1,   1,   1,   1,   1,   2,   2,   2,   2,   3,   3,   3,   3,   3,   3,   4,   4,   4,   4,   5,   5,   5,   5,   5,   5,   5,   6,   6,   6,   7,   7,   7,   7,   7,   7,   7,   8,   8,   8,   8,   9,   9,   9,   9,   9,  10,  10,  10,  11,  11,  11,  11,  11,  11,  12,  12,  13,  13,  13,  13,  14
  1,   0,   1,   2,   3,   4,   5,   6,   7,   8,   9,   5,   7,  11,  13,  10,  11,  13,  14,  16,  17,  15,  17,  19,  21,  19,  21,  22,  23,  24,  26,  27,  25,  29,  31,  29,  30,  31,  32,  33,  34,  36,  33,  35,  37,  39,  38,  40,  41,  43,  44,  43,  47,  49,  48,  49,  50,  51,  52,  53,  53,  55,  58,  59,  60,  61,  63

  0,   1,   1,   1,   1,   1,   1,   1,   1,   1,   1,   2,   2,   2,   2,   3,   3,   3,   3,   3,   3,   4,   4,   4,   4,   5,   5,   5,   5,   5,   5,   5,   6,   6,   6,   7,   7,   7,   7,   7,   7,   7,   8,   8,   8,   8,   9,   9,   9,   9,   9,  10,  10,  10,  11,  11,  11,  11,  11,  11,  12,  12,  13,  13,  13,  13,  14
  1,   0,   1,   2,   3,   4,   5,   6,   7,   8,   9,   5,   7,  11,  13,  10,  11,  13,  14,  16,  17,  15,  17,  19,  21,  18,  19,  21,  22,  23,  24,  26,  23,  25,  29,  27,  29,  30,  31,  32,  33,  34,  33,  35,  37,  39,  37,  38,  40,  41,  43,  41,  43,  47,  46,  47,  48,  49,  50,  51,  53,  55,  56,  57,  58,  59,  63

  0,   1,   1,   1,   1,   1,   1,   1,   1,   1,   2,   2,   2,   2,   3,   3,   3,   3,   3,   3,   4,   4,   4,   4,   5,   5,   5,   5,   5,   5,   5,   6,   6,   6,   7,   7,   7,   7,   7,   7,   7,   8,   8,   8,   8,   9,   9,   9,   9,   9,  10,  10,  10,  11,  11,  11,  11,  11,  11,  12,  12,  13,  13,  13,  13,  14,  14
  1,   0,   1,   2,   3,   4,   5,   6,   7,   8,   5,   7,  11,  13,  10,  11,  13,  14,  16,  17,  15,  17,  19,  21,  18,  19,  21,  22,  23,  24,  26,  23,  25,  29,  27,  29,  30,  31,  32,  33,  34,  33,  35,  37,  39,  37,  38,  40,  41,  43,  41,  43,  47,  46,  47,  48,  49,  50,  51,  53,  55,  56,  57,  58,  59,  61,  63

  0,   1,   1,   1,   1,   1,   1,   1,   1,   2,   2,   3,   3,   3,   3,   3,   3,   4,   4,   4,   4,   5,   5,   5,   5,   5,   5,   6,   6,   7,   7,   7,   7,   7,   7,   8,   8,   8,   8,   9,   9,   9,   9,  10,  10,  11,  11,  11,  11,  11,  11,  12,  12,  13,  13,  13,  13,  13,  14,  14,  15,  15,  16,  16,  17,  17,  18
  1,   0,   1,   2,   3,   4,   5,   6,   7,   5,   9,   7,   8,  10,  11,  13,  14,  11,  13,  15,  17,  14,  16,  17,  18,  19,  21,  19,  23,  22,  23,  24,  25,  26,  27,  25,  27,  29,  31,  29,  31,  32,  34,  33,  37,  36,  37,  38,  39,  40,  41,  41,  43,  44,  45,  46,  47,  48,  47,  51,  52,  53,  55,  57,  59,  60,  63

  0,   1,   1,   1,   1,   1,   1,   1,   1,   2,   2,   3,   3,   3,   3,   3,   3,   4,   4,   4,   4,   5,   5,   5,   5,   5,   5,   6,   6,   7,   7,   7,   7,   7,   7,   8,   8,   8,   8,   9,   9,   9,   9,  10,  10,  11,  11,  11,  11,  11,  11,  12,  12,  13,  13,  13,  13,  13,  14,  14,  15,  15,  16,  16,  17,  17,  18
  1,   0,   1,   2,   3,   4,   5,   6,   7,   5,   9,   7,   8,  10,  11,  13,  14,  11,  13,  15,  17,  14,  16,  17,  18,  19,  21,  19,  23,  22,  23,  24,  25,  26,  27,  25,  27,  29,  31,  29,  31,  32,  34,  33,  37,  36,  37,  38,  39,  40,  41,  41,  43,  43,  44,  45,  46,  47,  47,  51,  52,  53,  55,  57,  59,  60,  63

  0,   1,   1,   1,   1,   1,   2,   2,   2,   3,   3,   4,   4,   4,   5,   5,   5,   5,   6,   7,   7,   7,   7,   8,   8,   8,   9,   9,   9,   9,  10,  11,  11,  11,  11,  11,  12,  13,  13,  13,  13,  14,  14,  15,  15,  16,  16,  17,  17,  17,  18,  18,  19,  19,  19,  19,  20,  21,  22,  22,  23,  23,  23,  25,  25,  26,  27
  1,   0,   1,   2,   3,   4,   3,   5,   7,   5,   8,   7,   9,  11,  11,  12,  13,  14,  13,  15,  16,  17,  18,  17,  19,  21,  19,  20,  22,  23,  23,  24,  25,  26,  27,  28,  29,  29,  30,  31,  32,  31,  33,  34,  37,  37,  39,  39,  40,  41,  41,  43,  43,  44,  45,  46,  47,  50,  51,  53,  53,  54,  55,  58,  59,  61,  63

  0,   1,   1,   1,   1,   1,   2,   2,   2,   3,   3,   4,   4,   4,   5,   5,   5,   5,   6,   7,   7,   7,   7,   8,   8,   8,   9,   9,   9,   9,  10,  11,  11,  11,  11,  11,  12,  13,  13,  13,  13,  14,  14,  15,  15,  16,  16,  17,  17,  17,  17,  18,  18,  19,  19,  19,  19,  20,  21,  22,  23,  23,  23,  25,  25,  26,  27
  1,   0,   1,   2,   3,   4,   3,   5,   7,   5,   8,   7,   9,  11,  11,  12,  13,  14,  13,  15,  16,  17,  18,  17,  19,  21,  19,  20,  22,  23,  23,  24,  25,  26,  27,  28,  29,  29,  30,  31,  32,  31,  33,  34,  37,  37,  39,  38,  39,  40,  41,  41,  43,  43,  44,  45,  46,  47,  50,  51,  53,  54,  55,  58,  59,  61,  63

  0,   1,   1,   1,   1,   1,   2,   2,   3,   3,   3,   4,   4,   5,   5,   5,   5,   6,   7,   7,   7,   7,   8,   8,   9,   9,   9,  10,  10,  11,  11,  11,  11,  11,  12,  12,  13,  13,  13,  13,  14,  14,  15,  15,  16,  16,  17,  17,  17,  17,  18,  19,  19,  19,  21,  21,  22,  22,  23,  23,  23,  24,  25,  25,  26,  27,  28
  1,   0,   1,   2,   3,   4,   3,   5,   5,   7,   8,   7,  11,   9,  11,  12,  13,  13,  15,  16,  17,  18,  17,  19,  19,  20,  22,  21,  23,  23,  24,  25,  26,  27,  25,  29,  28,  29,  30,  31,  31,  33,  32,  34,  35,  37,  37,  38,  39,  40,  41,  42,  43,  44,  46,  47,  49,  51,  51,  52,  53,  55,  56,  57,  59,  61,  63

  0,   1,   1,   1,   1,   1,   2,   2,   3,   3,   3,   4,   4,   5,   5,   5,   5,   6,   7,   7,   7,   7,   8,   8,   9,   9,   9,  10,  10,  11,  11,  11,  11,  12,  12,  13,  13,  13,  13,  14,  14,  15,  15,  16,  16,  17,  17,  17,  17,  18,  19,  19,  19,  21,  21,  22,  22,  23,  23,  23,  24,  24,  25,  25,  26,  27,  28
  1,   0,   1,   2,   3,   4,   3,   5,   5,   7,   8,   7,  11,   9,  11,  12,  13,  13,  15,  16,  17,  18,  17,  19,  19,  20,  22,  21,  23,  23,  24,  25,  26,  25,  29,  28,  29,  30,  31,  31,  33,  32,  34,  35,  37,  37,  38,  39,  40,  41,  42,  43,  44,  46,  47,  49,  51,  51,  52,  53,  53,  55,  56,  57,  59,  61,  63

  0,   1,   1,   1,   1,   1,   1,   1,   1,   1,   1,   1,   1,   1,   1,   1,   1,   2,   2,   2,   2,   2,   2,   2,   2,   2,   3,   3,   3,   3,   3,   3,   3,   3,   3,   3,   3,   4,   4,   4,   4,   4,   4,   4,   4,   5,   5,   5,   5,   5,   5,   5,   5,   5,   5,   5,   6,   6,   6,   6,   7,   7,   7,   7,   7,   7,   7
  1,  -6,  -5,  -4,  -3,  -2,  -1,   1,   2,   4,   5,   6,   7,   8,   9,  10,  11,  -3,  -1,   1,   3,   5,   7,   9,  11,  13,   0,   1,   2,   4,   5,   7,   8,  10,  11,  13,  14,   3,   5,   7,   9,  11,  13,  15,  17,   7,   8,   9,  11,  12,  13,  14,  16,  17,  18,  19,  11,  13,  17,  19,  15,  16,  17,  18,  19,  20,  21

  0,   1,   1,   1,   1,   1,   1,   1,   1,   1,   1,   1,   1,   1,   1,   1,   1,   2,   2,   2,   2,   2,   2,   2,   2,   2,   3,   3,   3,   3,   3,   3,   3,   3,   3,   3,   3,   4,   4,   4,   4,   4,   4,   4,   4,   5,   5,   5,   5,   5,   5,   5,   5,   5,   5,   5,   6,   6,   6,   6,   7,   7,   7,   7,   7,   7,   7
  1,  -6,  -5,  -4,  -3,  -2,  -1,   1,   2,   4,   5,   6,   7,   8,   9,  10,  11,  -3,  -1,   1,   3,   5,   7,   9,  11,  13,   0,   1,   2,   4,   5,   7,   8,  10,  11,  13,  14,   3,   5,   7,   9,  11,  13,  15,  17,   6,   7,   8,   9,  11,  12,  13,  14,  16,  17,  18,  11,  13,  17,  19,  15,  16,  17,  18,  19,  20,  21

  0,   1,   1,   1,   1,   1,   1,   1,   1,   1,   1,   1,   1,   1,   1,   1,   1,   1,   2,   2,   2,   2,   2,   2,   2,   2,   2,   3,   3,   3,   3,   3,   3,   3,   3,   3,   3,   4,   4,   4,   4,   4,   4,   4,   4,   5,   5,   5,   5,   5,   5,   5,   5,   5,   5,   5,   6,   6,   6,   6,   7,   7,   7,   7,   7,   7,   7
  9,  -8,  -7,  -6,  -5,  -4,  -3,  -2,  -1,   1,   2,   3,   4,   5,   6,   7,   8,   9,  -7,  -5,  -3,  -1,   1,   3,   5,   7,   9,  -5,  -4,  -2,  -1,   1,   2,   4,   5,   7,   8,  -5,  -3,  -1,   1,   3,   5,   7,   9,  -3,  -2,  -1,   1,   2,   3,   4,   6,   7,   8,   9,  -1,   1,   5,   7,   0,   1,   2,   3,   4,   5,   6

  0,   1,   1,   1,   1,   1,   1,   1,   1,   1,   1,   1,   1,   1,   1,   1,   1,   1,   2,   2,   2,   2,   2,   2,   2,   2,   2,   3,   3,   3,   3,   3,   3,   3,   3,   3,   3,   4,   4,   4,   4,   4,   4,   4,   4,   5,   5,   5,   5,   5,   5,   5,   5,   5,   5,   5,   6,   6,   6,   6,   7,   7,   7,   7,   7,   7,   7
  9,  -8,  -7,  -6,  -5,  -4,  -3,  -2,  -1,   1,   2,   3,   4,   5,   6,   7,   8,   9,  -7,  -5,  -3,  -1,   1,   3,   5,   7,   9,  -5,  -4,  -2,  -1,   1,   2,   4,   5,   7,   8,  -5,  -3,  -1,   1,   3,   5,   7,   9,  -4,  -3,  -2,  -1,   1,   2,   3,   4,   6,   7,   8,  -1,   1,   5,   7,   0,   1,   2,   3,   4,   5,   6

  0,   1,   1,   1,   1,   1,   1,   1,   1,   1,   1,   1,   1,   1,   1,   1,   1,   1,   2,   2,   2,   2,   2,   2,   2,   2,   2,   3,   3,   3,   3,   3,   3,   3,   3,   3,   3,   4,   4,   4,   4,   4,   4,   4,   4,   5,   5,   5,   5,   5,   5,   5,   5,   5,   5,   5,   6,   6,   6,   6,   7,   7,   7,   7,   7,   7,   7
  9,  -9,  -8,  -7,  -6,  -5,  -4,  -3,  -2,  -1,   1,   2,   3,   4,   5,   6,   7,   8,  -9,  -7,  -5,  -3,  -1,   1,   3,   5,   7,  -8,  -7,  -5,  -4,  -2,  -1,   1,   2,   4,   5,  -9,  -7,  -5,  -3,  -1,   1,   3,   5,  -9,  -8,  -7,  -6,  -4,  -3,  -2,  -1,   1,   2,   3,  -7,  -5,  -1,   1,  -6,  -5,  -4,  -3,  -2,  -1,   0

  0,   1,   1,   1,   1,   1,   1,   1,   1,   1,   1,   1,   1,   1,   1,   1,   1,   1,   2,   2,   2,   2,   2,   2,   2,   2,   2,   3,   3,   3,   3,   3,   3,   3,   3,   3,   3,   4,   4,   4,   4,   4,   4,   4,   4,   5,   5,   5,   5,   5,   5,   5,   5,   5,   5,   5,   6,   6,   6,   6,   7,   7,   7,   7,   7,   7,   7
  9,  -9,  -8,  -7,  -6,  -5,  -4,  -3,  -2,  -1,   1,   2,   3,   4,   5,   6,   7,   8,  -9,  -7,  -5,  -3,  -1,   1,   3,   5,   7,  -8,  -7,  -5,  -4,  -2,  -1,   1,   2,   4,   5,  -9,  -7,  -5,  -3,  -1,   1,   3,   5,  -8,  -7,  -6,  -4,  -3,  -2,  -1,   1,   2,   3,   4,  -7,  -5,  -1,   1,  -6,  -5,  -4,  -3,  -2,  -1,   0

