  0,   1,   1,   1,   1,   1,   1,   1,   1,   1,   1,   1,   1,   1,   1,   1,   1,   1,   1,   1,   1,   1,   1,   1,   1,   1,   1,   1,   1,   1,   1,   1,   1,   1,   1,   1,   1,   1,   1,   1,   1,   1,   1,   2,   2,   2,   2,   2,   2,   2,   2,   2,   2,   2,   2,   2,   2,   2,   2,   2,   2,   2,   2,   3,   3,   3,   3,   3,   3,   3,   3,   3,   3,   3,   3,   3,   3,   3,   3,   3,   3,   3,   3,   3,   3,   3,   3,   4,   4,   4,   4,   4,   4,   4,   4,   4,   4,   4,   4,   4,   4,   4,   5,   5,   5,   5,   5,   5,   5,   5,   5,   5,   5,   5,   5,   5,   5,   5,   5
  1,   0,   1,   2,   3,   4,   5,   6,   7,   8,   9,  10,  11,  12,  13,  14,  15,  16,  17,  18,  19,  20,  21,  22,  24,  25,  26,  27,  28,  29,  30,  31,  32,  33,  34,  35,  36,  37,  38,  39,  40,  41,  42,  23,  25,  27,  29,  31,  33,  35,  37,  39,  41,  43,  45,  47,  49,  51,  53,  55,  57,  59,  61,  46,  47,  49,  50,  52,  53,  55,  56,  58,  59,  61,  62,  64,  65,  67,  68,  70,  71,  73,  74,  76,  77,  79,  80,  71,  73,  75,  77,  79,  81,  83,  85,  87,  89,  91,  93,  95,  97,  99,  96,  97,  98,  99, 101, 102, 103, 104, 106, 107, 108, 109, 111, 112, 113, 114, 115

  0,   1,   1,   1,   1,   1,   1,   1,   1,   1,   1,   1,   1,   1,   1,   1,   1,   1,   1,   1,   1,   1,   1,   1,   1,   1,   1,   1,   1,   1,   1,   1,   1,   1,   1,   1,   1,   1,   1,   1,   1,   1,   1,   2,   2,   2,   2,   2,   2,   2,   2,   2,   2,   2,   2,   2,   2,   2,   2,   2,   2,   2,   2,   3,   3,   3,   3,   3,   3,   3,   3,   3,   3,   3,   3,   3,   3,   3,   3,   3,   3,   3,   3,   3,   3,   3,   3,   4,   4,   4,   4,   4,   4,   4,   4,   4,   4,   4,   4,   4,   4,   4,   5,   5,   5,   5,   5,   5,   5,   5,   5,   5,   5,   5,   5,   5,   5,   5,   5
  1,   0,   1,   2,   3,   4,   5,   6,   7,   8,   9,  10,  11,  12,  13,  14,  15,  16,  17,  18,  19,  20,  21,  22,  24,  25,  26,  27,  28,  29,  30,  31,  32,  33,  34,  35,  36,  37,  38,  39,  40,  41,  42,  23,  25,  27,  29,  31,  33,  35,  37,  39,  41,  43,  45,  47,  49,  51,  53,  55,  57,  59,  61,  46,  47,  49,  50,  52,  53,  55,  56,  58,  59,  61,  62,  64,  65,  67,  68,  70,  71,  73,  74,  76,  77,  79,  80,  69,  71,  73,  75,  77,  79,  81,  83,  85,  87,  89,  91,  93,  95,  97,  96,  97,  98,  99, 101, 102, 103, 104, 106, 107, 108, 109, 111, 112, 113, 114, 115

  0,   1,   1,   1,   1,   1,   1,   1,   1,   1,   1,   2,   2,   2,   2,   2,   2,   3,   3,   3,   3,   3,   3,   3,   3,   4,   4,   4,   4,   4,   4,   5,   5,   5,   5,   5,   5,   5,   5,   6,   6,   6,   7,   7,   7,   7,   7,   7,   7,   7,   7,   8,   8,   8,   8,   8,   9,   9,   9,   9,   9,   9,   9,  10,  10,  10,  10,  11,  11,  11,  11,  11,  11,  11,  11,  12,  12,  12,  13,  13,  13,  13,  13,  13,  13,  13,  14,  14,  14,  14,  14,  15,  15,  15,  15,  15,  16,  16,  16,  17,  17,  17,  17,  17,  17,  18,  18,  19,  19,  19,  19,  19,  20,  20,  20,  21,  21,  22,  23
  1,   0,   1,   2,   3,   4,   6,   7,   8,   9,  10,   5,   7,   9,  11,  13,  15,  10,  11,  13,  14,  16,  17,  19,  20,  15,  17,  19,  21,  23,  25,  21,  22,  23,  24,  26,  27,  28,  29,  29,  31,  35,  31,  32,  33,  34,  36,  37,  38,  39,  40,  37,  39,  41,  43,  45,  41,  43,  44,  46,  47,  49,  50,  47,  49,  51,  53,  52,  53,  54,  56,  57,  58,  59,  60,  59,  61,  65,  62,  63,  64,  66,  67,  68,  69,  70,  67,  69,  71,  73,  75,  73,  74,  76,  77,  79,  79,  81,  83,  83,  84,  86,  87,  88,  89,  89,  91,  94,  96,  97,  98,  99,  99, 101, 103, 106, 107, 111, 115

  0,   1,   1,   1,   1,   1,   1,   1,   1,   1,   1,   2,   2,   2,   2,   2,   2,   3,   3,   3,   3,   3,   3,   3,   3,   4,   4,   4,   4,   4,   4,   5,   5,   5,   5,   5,   5,   5,   5,   6,   6,   6,   7,   7,   7,   7,   7,   7,   7,   7,   7,   8,   8,   8,   8,   8,   9,   9,   9,   9,   9,   9,   9,  10,  10,  10,  10,  11,  11,  11,  11,  11,  11,  11,  11,  11,  12,  12,  12,  13,  13,  13,  13,  13,  13,  13,  13,  14,  14,  14,  14,  14,  15,  15,  15,  15,  15,  16,  16,  16,  17,  17,  17,  17,  17,  17,  18,  18,  19,  19,  19,  19,  20,  20,  20,  21,  21,  22,  23
  1,   0,   1,   2,   3,   4,   6,   7,   8,   9,  10,   5,   7,   9,  11,  13,  15,  10,  11,  13,  14,  16,  17,  19,  20,  15,  17,  19,  21,  23,  25,  21,  22,  23,  24,  26,  27,  28,  29,  29,  31,  35,  31,  32,  33,  34,  36,  37,  38,  39,  40,  37,  39,  41,  43,  45,  41,  43,  44,  46,  47,  49,  50,  47,  49,  51,  53,  51,  52,  53,  54,  56,  57,  58,  59,  60,  59,  61,  65,  62,  63,  64,  66,  67,  68,  69,  70,  67,  69,  71,  73,  75,  73,  74,  76,  77,  79,  79,  81,  83,  83,  84,  86,  87,  88,  89,  89,  91,  94,  96,  97,  98,  99, 101, 103, 106, 107, 111, 115

  0,   1,   1,   1,   1,   1,   1,   1,   1,   1,   1,   2,   2,   2,   2,   2,   2,   3,   3,   3,   3,   3,   3,   3,   3,   4,   4,   4,   4,   4,   4,   5,   5,   5,   5,   5,   5,   5,   5,   6,   6,   6,   6,   7,   7,   7,   7,   7,   7,   7,   7,   7,   7,   8,   8,   8,   8,   8,   8,   9,   9,   9,   9,   9,   9,   9,   9,  10,  10,  10,  10,  11,  11,  11,  11,  11,  11,  11,  11,  12,  12,  13,  13,  13,  13,  13,  13,  13,  13,  14,  14,  14,  14,  15,  15,  15,  15,  15,  16,  16,  16,  16,  17,  17,  17,  17,  17,  17,  18,  18,  19,  19,  19,  19,  20,  20,  21,  21,  23
  1,   0,   1,   2,   3,   4,   6,   7,   8,   9,  10,   5,   7,   9,  11,  13,  15,  10,  11,  13,  14,  16,  17,  19,  20,  15,  17,  19,  21,  23,  25,  21,  22,  23,  24,  26,  27,  28,  29,  25,  29,  31,  35,  30,  31,  32,  33,  34,  36,  37,  38,  39,  40,  35,  37,  39,  41,  43,  45,  40,  41,  43,  44,  46,  47,  49,  50,  47,  49,  51,  53,  51,  52,  53,  54,  56,  57,  58,  59,  59,  61,  61,  62,  63,  64,  66,  67,  68,  69,  67,  69,  71,  73,  73,  74,  76,  77,  79,  77,  79,  81,  83,  82,  83,  84,  86,  87,  88,  89,  91,  93,  94,  96,  97,  99, 101, 104, 106, 115

  0,   1,   1,   1,   1,   1,   1,   1,   1,   1,   1,   2,   2,   2,   2,   2,   2,   3,   3,   3,   3,   3,   3,   3,   3,   4,   4,   4,   4,   4,   4,   5,   5,   5,   5,   5,   5,   5,   5,   6,   6,   6,   6,   7,   7,   7,   7,   7,   7,   7,   7,   7,   7,   8,   8,   8,   8,   8,   8,   9,   9,   9,   9,   9,   9,   9,   9,  10,  10,  10,  10,  11,  11,  11,  11,  11,  11,  11,  11,  12,  12,  13,  13,  13,  13,  13,  13,  13,  13,  14,  14,  14,  14,  15,  15,  15,  15,  15,  16,  16,  16,  16,  17,  17,  17,  17,  17,  17,  18,  18,  19,  19,  19,  19,  20,  20,  21,  21,  23
  1,   0,   1,   2,   3,   4,   6,   7,   8,   9,  10,   5,   7,   9,  11,  13,  15,  10,  11,  13,  14,  16,  17,  19,  20,  15,  17,  19,  21,  23,  25,  21,  22,  23,  24,  26,  27,  28,  29,  25,  29,  31,  35,  30,  31,  32,  33,  34,  36,  37,  38,  39,  40,  35,  37,  39,  41,  43,  45,  40,  41,  43,  44,  46,  47,  49,  50,  47,  49,  51,  53,  51,  52,  53,  54,  56,  57,  58,  59,  59,  61,  61,  62,  63,  64,  66,  67,  68,  69,  67,  69,  71,  73,  71,  73,  74,  76,  77,  77,  79,  81,  83,  82,  83,  84,  86,  87,  88,  89,  91,  93,  94,  96,  97,  99, 101, 104, 106, 115

  0,   1,   1,   1,   1,   1,   1,   1,   1,   1,   1,   2,   2,   2,   2,   2,   2,   3,   3,   3,   3,   3,   3,   3,   3,   4,   4,   4,   4,   4,   4,   5,   5,   5,   5,   5,   5,   5,   5,   6,   6,   6,   7,   7,   7,   7,   7,   7,   7,   7,   7,   8,   8,   8,   8,   8,   9,   9,   9,   9,   9,   9,   9,  10,  10,  10,  10,  11,  11,  11,  11,  11,  11,  11,  11,  11,  12,  12,  12,  13,  13,  13,  13,  13,  13,  13,  13,  14,  14,  14,  14,  14,  15,  15,  15,  15,  15,  16,  16,  16,  17,  17,  17,  17,  17,  17,  18,  18,  19,  19,  19,  19,  20,  20,  20,  21,  21,  22,  23
  1,   0,   1,   2,   3,   4,   6,   7,   8,   9,  10,   5,   7,   9,  11,  13,  15,  10,  11,  13,  14,  16,  17,  19,  20,  15,  17,  19,  21,  23,  25,  21,  22,  23,  24,  26,  27,  28,  29,  25,  29,  31,  30,  31,  32,  33,  34,  36,  37,  38,  39,  35,  37,  39,  41,  43,  40,  41,  43,  44,  46,  47,  49,  47,  49,  51,  53,  50,  51,  52,  53,  54,  56,  57,  58,  59,  55,  59,  61,  60,  61,  62,  63,  64,  66,  67,  68,  65,  67,  69,  71,  73,  71,  73,  74,  76,  77,  77,  79,  81,  81,  82,  83,  84,  86,  87,  89,  91,  92,  93,  94,  96,  97,  99, 101, 103, 104, 109, 115

  0,   1,   1,   1,   1,   1,   1,   1,   1,   1,   1,   2,   2,   2,   2,   2,   2,   3,   3,   3,   3,   3,   3,   3,   3,   4,   4,   4,   4,   4,   4,   5,   5,   5,   5,   5,   5,   5,   5,   6,   6,   6,   7,   7,   7,   7,   7,   7,   7,   7,   7,   8,   8,   8,   8,   8,   9,   9,   9,   9,   9,   9,   9,  10,  10,  10,  10,  11,  11,  11,  11,  11,  11,  11,  11,  12,  12,  12,  13,  13,  13,  13,  13,  13,  13,  13,  14,  14,  14,  14,  14,  15,  15,  15,  15,  15,  16,  16,  16,  17,  17,  17,  17,  17,  17,  18,  18,  19,  19,  19,  19,  19,  20,  20,  20,  21,  21,  22,  23
  1,   0,   1,   2,   3,   4,   6,   7,   8,   9,  10,   5,   7,   9,  11,  13,  15,  10,  11,  13,  14,  16,  17,  19,  20,  15,  17,  19,  21,  23,  25,  21,  22,  23,  24,  26,  27,  28,  29,  25,  29,  31,  30,  31,  32,  33,  34,  36,  37,  38,  39,  35,  37,  39,  41,  43,  40,  41,  43,  44,  46,  47,  49,  47,  49,  51,  53,  50,  51,  52,  53,  54,  56,  57,  58,  55,  59,  61,  60,  61,  62,  63,  64,  66,  67,  68,  65,  67,  69,  71,  73,  71,  73,  74,  76,  77,  77,  79,  81,  81,  82,  83,  84,  86,  87,  89,  91,  91,  92,  93,  94,  96,  97,  99, 101, 103, 104, 109, 115

  0,   1,   1,   1,   1,   1,   1,   1,   1,   1,   2,   2,   2,   2,   2,   3,   3,   3,   3,   3,   3,   3,   4,   4,   4,   4,   4,   5,   5,   5,   5,   5,   5,   5,   5,   6,   6,   6,   7,   7,   7,   7,   7,   7,   7,   7,   7,   8,   8,   8,   8,   8,   9,   9,   9,   9,   9,   9,  10,  10,  10,  10,  11,  11,  11,  11,  11,  11,  11,  11,  12,  12,  12,  13,  13,  13,  13,  13,  13,  13,  14,  14,  14,  14,  15,  15,  15,  15,  15,  16,  16,  16,  16,  17,  17,  17,  17,  17,  17,  18,  18,  18,  19,  19,  19,  19,  19,  19,  20,  20,  21,  21,  21,  22,  22,  23,  23,  23,  23
  1,   0,   1,   2,   3,   4,   6,   7,   8,   9,   5,   7,   9,  11,  13,  10,  11,  13,  14,  16,  17,  19,  15,  17,  19,  21,  23,  21,  22,  23,  24,  26,  27,  28,  29,  25,  29,  31,  30,  31,  32,  33,  34,  36,  37,  38,  39,  35,  37,  39,  41,  43,  40,  41,  43,  44,  46,  47,  47,  49,  51,  53,  50,  51,  52,  53,  54,  56,  57,  58,  55,  59,  61,  60,  61,  62,  63,  64,  66,  67,  65,  67,  69,  71,  71,  73,  74,  76,  77,  75,  77,  79,  81,  80,  81,  82,  83,  84,  86,  85,  89,  91,  90,  91,  92,  93,  94,  96,  97,  99, 101, 103, 104, 107, 109, 112, 113, 114, 115

  0,   1,   1,   1,   1,   1,   1,   1,   1,   1,   2,   2,   2,   2,   2,   3,   3,   3,   3,   3,   3,   3,   4,   4,   4,   4,   4,   5,   5,   5,   5,   5,   5,   5,   5,   6,   6,   6,   7,   7,   7,   7,   7,   7,   7,   7,   8,   8,   8,   8,   8,   9,   9,   9,   9,   9,   9,  10,  10,  10,  10,  11,  11,  11,  11,  11,  11,  11,  11,  12,  12,  12,  13,  13,  13,  13,  13,  13,  13,  14,  14,  14,  14,  15,  15,  15,  15,  15,  16,  16,  16,  16,  17,  17,  17,  17,  17,  17,  18,  18,  18,  19,  19,  19,  19,  19,  19,  20,  20,  21,  21,  21,  22,  22,  23,  23,  23,  23,  23
  1,   0,   1,   2,   3,   4,   6,   7,   8,   9,   5,   7,   9,  11,  13,  10,  11,  13,  14,  16,  17,  19,  15,  17,  19,  21,  23,  21,  22,  23,  24,  26,  27,  28,  29,  25,  29,  31,  30,  31,  32,  33,  34,  36,  37,  38,  35,  37,  39,  41,  43,  40,  41,  43,  44,  46,  47,  47,  49,  51,  53,  50,  51,  52,  53,  54,  56,  57,  58,  55,  59,  61,  60,  61,  62,  63,  64,  66,  67,  65,  67,  69,  71,  71,  73,  74,  76,  77,  75,  77,  79,  81,  80,  81,  82,  83,  84,  86,  85,  89,  91,  90,  91,  92,  93,  94,  96,  97,  99, 101, 103, 104, 107, 109, 111, 112, 113, 114, 115

  0,   1,   1,   1,   1,   1,   1,   1,   1,   2,   2,   2,   2,   3,   3,   3,   3,   3,   4,   4,   4,   4,   5,   5,   5,   5,   5,   5,   5,   6,   7,   7,   7,   7,   7,   7,   8,   8,   8,   9,   9,   9,   9,   9,  10,  10,  10,  11,  11,  11,  11,  11,  11,  11,  12,  12,  12,  13,  13,  13,  13,  13,  13,  14,  14,  14,  14,  15,  15,  15,  15,  16,  16,  16,  16,  17,  17,  17,  17,  17,  17,  18,  18,  19,  19,  19,  19,  19,  20,  20,  21,  21,  21,  21,  22,  22,  22,  23,  23,  23,  23,  23,  24,  24,  25,  25,  25,  25,  26,  26,  27,  27,  27,  28,  28,  29,  29,  29,  30
  1,   0,   1,   2,   3,   4,   5,   6,   7,   5,   7,   9,  11,   8,  10,  11,  13,  14,  13,  15,  17,  19,  16,  17,  18,  19,  21,  22,  23,  25,  24,  25,  26,  27,  29,  30,  29,  31,  33,  32,  34,  35,  37,  38,  37,  39,  41,  39,  40,  41,  42,  43,  45,  46,  43,  47,  49,  47,  48,  49,  50,  51,  53,  51,  53,  55,  57,  56,  58,  59,  61,  59,  61,  63,  65,  63,  64,  65,  66,  67,  69,  67,  71,  71,  72,  73,  74,  75,  77,  79,  79,  80,  82,  83,  83,  85,  87,  87,  88,  89,  90,  91,  91,  95,  96,  97,  98,  99,  99, 101, 103, 104, 106, 107, 109, 111, 112, 113, 115

  0,   1,   1,   1,   1,   1,   1,   2,   2,   2,   3,   3,   3,   3,   4,   4,   4,   5,   5,   5,   5,   5,   6,   6,   7,   7,   7,   7,   7,   8,   8,   9,   9,   9,  10,  10,  10,  11,  11,  11,  11,  11,  12,  12,  13,  13,  13,  13,  13,  14,  14,  14,  15,  15,  15,  15,  16,  16,  17,  17,  17,  17,  18,  19,  19,  19,  19,  20,  20,  21,  21,  21,  21,  22,  22,  22,  23,  23,  23,  23,  23,  24,  24,  25,  25,  25,  25,  26,  26,  26,  27,  27,  27,  27,  28,  28,  29,  29,  29,  29,  31,  31,  31,  31,  32,  32,  33,  33,  34,  34,  35,  35,  36,  37,  37,  38,  39,  39,  40
  1,   0,   1,   2,   3,   4,   5,   3,   5,   7,   7,   8,  10,  11,   9,  11,  13,  12,  13,  14,  16,  17,  17,  19,  18,  19,  20,  22,  23,  21,  25,  25,  26,  28,  27,  29,  31,  29,  30,  31,  32,  34,  35,  37,  35,  36,  37,  38,  40,  39,  41,  43,  41,  43,  44,  46,  45,  47,  47,  48,  49,  50,  53,  53,  54,  55,  56,  57,  59,  58,  59,  61,  62,  61,  63,  65,  64,  65,  66,  67,  68,  67,  71,  71,  72,  73,  74,  73,  75,  77,  76,  77,  79,  80,  79,  81,  82,  83,  84,  85,  88,  89,  90,  91,  91,  93,  94,  95,  97,  99, 101, 102, 103, 106, 107, 109, 112, 113, 115

  0,   1,   1,   1,   1,   1,   1,   2,   2,   2,   3,   3,   3,   3,   4,   4,   4,   5,   5,   5,   5,   5,   6,   6,   7,   7,   7,   7,   7,   8,   8,   9,   9,   9,   9,  10,  10,  10,  11,  11,  11,  11,  11,  12,  12,  13,  13,  13,  13,  13,  14,  14,  14,  15,  15,  15,  15,  16,  16,  17,  17,  17,  17,  18,  19,  19,  19,  19,  20,  20,  21,  21,  21,  21,  22,  22,  22,  23,  23,  23,  23,  23,  24,  24,  25,  25,  25,  25,  26,  26,  26,  27,  27,  27,  27,  28,  28,  29,  29,  29,  29,  31,  31,  31,  31,  32,  32,  33,  33,  34,  34,  35,  35,  36,  37,  37,  38,  39,  40
  1,   0,   1,   2,   3,   4,   5,   3,   5,   7,   7,   8,  10,  11,   9,  11,  13,  12,  13,  14,  16,  17,  17,  19,  18,  19,  20,  22,  23,  21,  25,  23,  25,  26,  28,  27,  29,  31,  29,  30,  31,  32,  34,  35,  37,  35,  36,  37,  38,  40,  39,  41,  43,  41,  43,  44,  46,  45,  47,  47,  48,  49,  50,  53,  53,  54,  55,  56,  57,  59,  58,  59,  61,  62,  61,  63,  65,  64,  65,  66,  67,  68,  67,  71,  71,  72,  73,  74,  73,  75,  77,  76,  77,  79,  80,  79,  81,  82,  83,  84,  85,  88,  89,  90,  91,  91,  93,  94,  95,  97,  99, 101, 102, 103, 106, 107, 109, 112, 115

  0,   1,   1,   1,   1,   1,   1,   2,   2,   3,   3,   3,   3,   4,   4,   5,   5,   5,   5,   6,   6,   7,   7,   7,   7,   7,   8,   8,   9,   9,   9,  10,  10,  11,  11,  11,  11,  11,  12,  12,  13,  13,  13,  13,  13,  14,  14,  15,  15,  16,  16,  17,  17,  17,  17,  17,  18,  19,  19,  19,  19,  19,  20,  20,  21,  21,  21,  22,  23,  23,  23,  23,  23,  24,  24,  25,  25,  25,  25,  26,  27,  27,  27,  28,  28,  29,  29,  29,  29,  30,  31,  31,  31,  31,  32,  32,  33,  33,  33,  34,  35,  35,  35,  36,  37,  37,  37,  38,  39,  39,  40,  41,  41,  42,  43,  43,  44,  45,  46
  1,   0,   1,   2,   3,   4,   5,   3,   7,   5,   7,   8,  10,   9,  11,  11,  12,  13,  14,  13,  17,  16,  17,  18,  19,  20,  19,  21,  22,  23,  25,  23,  27,  26,  27,  28,  29,  30,  29,  31,  31,  32,  33,  34,  35,  33,  37,  37,  38,  39,  41,  41,  42,  43,  44,  45,  47,  46,  47,  48,  49,  50,  49,  51,  52,  53,  55,  57,  56,  57,  58,  59,  60,  59,  61,  61,  62,  63,  64,  67,  67,  68,  70,  69,  71,  72,  73,  74,  75,  77,  77,  78,  79,  80,  79,  81,  82,  83,  85,  87,  87,  88,  89,  91,  92,  93,  94,  97,  97,  98, 101, 103, 104, 107, 108, 109, 111, 113, 115

  0,   1,   1,   1,   1,   1,   1,   2,   2,   3,   3,   3,   3,   4,   4,   5,   5,   5,   5,   6,   6,   7,   7,   7,   7,   7,   8,   8,   9,   9,   9,  10,  10,  11,  11,  11,  11,  11,  12,  12,  13,  13,  13,  13,  13,  14,  14,  15,  15,  16,  16,  17,  17,  17,  17,  17,  18,  18,  19,  19,  19,  19,  19,  20,  20,  21,  21,  21,  22,  23,  23,  23,  23,  23,  24,  24,  25,  25,  25,  25,  26,  27,  27,  27,  28,  28,  29,  29,  29,  29,  30,  31,  31,  31,  31,  32,  32,  33,  33,  33,  34,  35,  35,  35,  36,  37,  37,  37,  38,  39,  39,  40,  41,  41,  43,  43,  44,  45,  46
  1,   0,   1,   2,   3,   4,   5,   3,   7,   5,   7,   8,  10,   9,  11,  11,  12,  13,  14,  13,  17,  16,  17,  18,  19,  20,  19,  21,  22,  23,  25,  23,  27,  26,  27,  28,  29,  30,  29,  31,  31,  32,  33,  34,  35,  33,  37,  37,  38,  39,  41,  41,  42,  43,  44,  45,  43,  47,  46,  47,  48,  49,  50,  49,  51,  52,  53,  55,  57,  56,  57,  58,  59,  60,  59,  61,  61,  62,  63,  64,  67,  67,  68,  70,  69,  71,  72,  73,  74,  75,  77,  77,  78,  79,  80,  79,  81,  82,  83,  85,  87,  87,  88,  89,  91,  92,  93,  94,  97,  97,  98, 101, 103, 104, 108, 109, 111, 113, 115

  0,   1,   1,   1,   1,   1,   1,   2,   2,   3,   3,   3,   3,   4,   4,   5,   5,   5,   5,   6,   6,   7,   7,   7,   7,   7,   7,   8,   8,   9,   9,   9,   9,  10,  10,  11,  11,  11,  11,  11,  11,  12,  12,  13,  13,  13,  13,  13,  13,  14,  14,  15,  15,  16,  16,  17,  17,  17,  17,  17,  18,  18,  19,  19,  19,  19,  19,  20,  20,  21,  21,  21,  22,  22,  23,  23,  23,  23,  23,  24,  24,  25,  25,  25,  25,  26,  27,  27,  28,  28,  29,  29,  29,  29,  30,  31,  31,  31,  31,  32,  32,  33,  33,  34,  35,  35,  35,  36,  36,  37,  37,  37,  39,  39,  40,  41,  41,  43,  46
  1,   0,   1,   2,   3,   4,   5,   3,   7,   5,   7,   8,  10,   9,  11,  11,  12,  13,  14,  13,  17,  15,  16,  17,  18,  19,  20,  19,  21,  20,  22,  23,  25,  23,  27,  25,  26,  27,  28,  29,  30,  29,  31,  30,  31,  32,  33,  34,  35,  33,  37,  37,  38,  39,  41,  41,  42,  43,  44,  45,  43,  47,  46,  47,  48,  49,  50,  49,  51,  52,  53,  55,  53,  57,  56,  57,  58,  59,  60,  59,  61,  61,  62,  63,  64,  67,  67,  68,  69,  71,  71,  72,  73,  74,  77,  76,  77,  78,  79,  79,  81,  82,  83,  87,  87,  88,  89,  89,  91,  92,  93,  94,  97,  98, 101, 102, 103, 108, 115

  0,   1,   1,   1,   1,   1,   1,   2,   2,   3,   3,   3,   3,   4,   4,   5,   5,   5,   5,   6,   6,   7,   7,   7,   7,   7,   7,   8,   8,   9,   9,   9,   9,  10,  10,  11,  11,  11,  11,  11,  11,  12,  12,  13,  13,  13,  13,  13,  13,  14,  14,  15,  15,  16,  16,  17,  17,  17,  17,  17,  18,  18,  19,  19,  19,  19,  19,  20,  20,  21,  21,  21,  22,  22,  23,  23,  23,  23,  23,  24,  24,  25,  25,  25,  25,  26,  26,  27,  27,  28,  28,  29,  29,  29,  29,  30,  31,  31,  31,  31,  32,  32,  33,  33,  35,  35,  35,  36,  36,  37,  37,  37,  39,  39,  40,  41,  41,  43,  46
  1,   0,   1,   2,   3,   4,   5,   3,   7,   5,   7,   8,  10,   9,  11,  11,  12,  13,  14,  13,  17,  15,  16,  17,  18,  19,  20,  19,  21,  20,  22,  23,  25,  23,  27,  25,  26,  27,  28,  29,  30,  29,  31,  30,  31,  32,  33,  34,  35,  33,  37,  37,  38,  39,  41,  41,  42,  43,  44,  45,  43,  47,  46,  47,  48,  49,  50,  49,  51,  52,  53,  55,  53,  57,  56,  57,  58,  59,  60,  59,  61,  61,  62,  63,  64,  63,  67,  67,  68,  69,  71,  71,  72,  73,  74,  77,  76,  77,  78,  79,  79,  81,  82,  83,  87,  88,  89,  89,  91,  92,  93,  94,  97,  98, 101, 102, 103, 108, 115

  0,   1,   1,   1,   1,   1,   1,   2,   2,   3,   3,   3,   3,   4,   4,   5,   5,   5,   5,   6,   6,   7,   7,   7,   7,   7,   7,   8,   8,   9,   9,   9,   9,  10,  10,  11,  11,  11,  11,  11,  11,  12,  12,  13,  13,  13,  13,  13,  13,  14,  14,  15,  15,  16,  16,  17,  17,  17,  17,  17,  18,  18,  19,  19,  19,  19,  19,  20,  20,  21,  21,  21,  22,  22,  23,  23,  23,  23,  23,  24,  24,  25,  25,  25,  25,  26,  26,  27,  27,  28,  28,  29,  29,  29,  29,  30,  31,  31,  31,  31,  32,  32,  33,  33,  35,  35,  35,  36,  36,  37,  37,  37,  39,  39,  40,  41,  41,  43,  46
  1,   0,   1,   2,   3,   4,   5,   3,   7,   5,   7,   8,  10,   9,  11,  11,  12,  13,  14,  13,  17,  15,  16,  17,  18,  19,  20,  19,  21,  20,  22,  23,  25,  23,  27,  25,  26,  27,  28,  29,  30,  29,  31,  30,  31,  32,  33,  34,  35,  33,  37,  37,  38,  39,  41,  40,  41,  42,  43,  44,  43,  47,  45,  46,  47,  48,  49,  49,  51,  50,  52,  53,  53,  57,  55,  56,  57,  58,  59,  59,  61,  61,  62,  63,  64,  63,  67,  67,  68,  69,  71,  71,  72,  73,  74,  73,  76,  77,  78,  79,  79,  81,  82,  83,  86,  87,  88,  89,  91,  91,  92,  93,  97,  98,  99, 102, 103, 107, 115

  0,   1,   1,   1,   1,   1,   1,   2,   2,   3,   3,   3,   3,   4,   4,   5,   5,   5,   5,   6,   6,   7,   7,   7,   7,   7,   7,   8,   8,   9,   9,   9,   9,  10,  10,  11,  11,  11,  11,  11,  11,  12,  12,  13,  13,  13,  13,  13,  13,  14,  14,  15,  15,  16,  16,  17,  17,  17,  17,  17,  18,  18,  19,  19,  19,  19,  19,  20,  20,  21,  21,  21,  22,  22,  23,  23,  23,  23,  23,  24,  24,  25,  25,  25,  25,  26,  27,  27,  28,  28,  29,  29,  29,  29,  30,  31,  31,  31,  31,  32,  32,  33,  33,  34,  35,  35,  35,  36,  36,  37,  37,  37,  39,  39,  40,  41,  41,  43,  46
  1,   0,   1,   2,   3,   4,   5,   3,   7,   5,   7,   8,  10,   9,  11,  11,  12,  13,  14,  13,  17,  15,  16,  17,  18,  19,  20,  19,  21,  20,  22,  23,  25,  23,  27,  25,  26,  27,  28,  29,  30,  29,  31,  30,  31,  32,  33,  34,  35,  33,  37,  37,  38,  39,  41,  40,  41,  42,  43,  44,  43,  47,  45,  46,  47,  48,  49,  49,  51,  50,  52,  53,  53,  57,  55,  56,  57,  58,  59,  59,  61,  61,  62,  63,  64,  63,  67,  68,  69,  71,  71,  72,  73,  74,  73,  76,  77,  78,  79,  79,  81,  82,  83,  83,  86,  87,  88,  89,  91,  91,  92,  93,  97,  98,  99, 102, 103, 107, 115

  0,   1,   1,   1,   1,   1,   1,   2,   2,   3,   3,   3,   3,   4,   4,   5,   5,   5,   5,   6,   6,   7,   7,   7,   7,   7,   8,   8,   9,   9,   9,  10,  10,  11,  11,  11,  11,  11,  12,  12,  13,  13,  13,  13,  13,  14,  14,  15,  15,  16,  16,  17,  17,  17,  17,  17,  18,  18,  19,  19,  19,  19,  19,  20,  20,  21,  21,  21,  22,  23,  23,  23,  23,  23,  24,  24,  25,  25,  25,  25,  26,  27,  27,  27,  28,  28,  29,  29,  29,  29,  30,  31,  31,  31,  31,  32,  32,  33,  33,  33,  34,  35,  35,  35,  36,  37,  37,  37,  38,  39,  39,  40,  41,  41,  43,  43,  44,  45,  46
  1,   0,   1,   2,   3,   4,   5,   3,   7,   5,   7,   8,  10,   9,  11,  11,  12,  13,  14,  13,  17,  15,  16,  17,  18,  19,  19,  21,  20,  22,  23,  23,  27,  25,  26,  27,  28,  29,  29,  31,  30,  31,  32,  33,  34,  33,  37,  37,  38,  39,  41,  40,  41,  42,  43,  44,  43,  47,  45,  46,  47,  48,  49,  49,  51,  50,  52,  53,  53,  55,  56,  57,  58,  59,  59,  61,  61,  62,  63,  64,  63,  65,  67,  68,  69,  71,  70,  71,  72,  73,  73,  75,  76,  77,  78,  79,  81,  80,  82,  83,  83,  86,  87,  88,  89,  91,  92,  93,  93,  97,  98,  99, 101, 102, 106, 107, 109, 112, 115

  0,   1,   1,   1,   1,   1,   1,   2,   2,   3,   3,   3,   3,   4,   4,   5,   5,   5,   5,   6,   6,   7,   7,   7,   7,   7,   8,   8,   9,   9,   9,  10,  10,  11,  11,  11,  11,  11,  12,  12,  13,  13,  13,  13,  13,  14,  14,  15,  15,  16,  16,  17,  17,  17,  17,  17,  18,  19,  19,  19,  19,  19,  20,  20,  21,  21,  21,  22,  23,  23,  23,  23,  23,  24,  24,  25,  25,  25,  25,  26,  27,  27,  27,  28,  28,  29,  29,  29,  29,  30,  31,  31,  31,  31,  32,  32,  33,  33,  33,  34,  35,  35,  35,  36,  37,  37,  37,  38,  39,  39,  40,  41,  41,  42,  43,  43,  44,  45,  46
  1,   0,   1,   2,   3,   4,   5,   3,   7,   5,   7,   8,  10,   9,  11,  11,  12,  13,  14,  13,  17,  15,  16,  17,  18,  19,  19,  21,  20,  22,  23,  23,  27,  25,  26,  27,  28,  29,  29,  31,  30,  31,  32,  33,  34,  33,  37,  37,  38,  39,  41,  40,  41,  42,  43,  44,  43,  45,  46,  47,  48,  49,  49,  51,  50,  52,  53,  53,  55,  56,  57,  58,  59,  59,  61,  61,  62,  63,  64,  63,  65,  67,  68,  69,  71,  70,  71,  72,  73,  73,  75,  76,  77,  78,  79,  81,  80,  82,  83,  83,  86,  87,  88,  89,  91,  92,  93,  93,  97,  98,  99, 101, 102, 103, 106, 107, 109, 112, 115

  0,   1,   1,   1,   1,   1,   2,   2,   3,   3,   3,   4,   4,   5,   5,   5,   6,   6,   7,   7,   7,   8,   8,   9,   9,   9,  10,  10,  10,  11,  11,  11,  12,  12,  13,  13,  13,  14,  14,  15,  15,  16,  16,  17,  17,  17,  18,  19,  19,  19,  20,  20,  21,  21,  21,  22,  22,  23,  23,  23,  23,  24,  25,  25,  25,  25,  26,  26,  27,  27,  27,  28,  28,  29,  29,  29,  29,  30,  31,  31,  31,  32,  33,  33,  34,  35,  35,  35,  36,  37,  37,  37,  37,  38,  38,  39,  39,  40,  41,  41,  41,  42,  43,  43,  43,  44,  44,  45,  46,  47,  47,  48,  49,  49,  51,  52,  53,  54,  55
  1,   0,   1,   2,   3,   4,   3,   5,   5,   7,   8,   7,   9,   9,  11,  12,  11,  13,  13,  15,  16,  15,  17,  17,  19,  20,  19,  21,  23,  21,  24,  25,  23,  25,  27,  28,  29,  29,  31,  31,  32,  33,  35,  35,  36,  37,  37,  39,  40,  41,  41,  43,  43,  44,  46,  45,  47,  47,  48,  49,  50,  49,  51,  52,  53,  54,  53,  55,  55,  56,  58,  57,  59,  59,  60,  61,  62,  61,  64,  65,  66,  67,  68,  70,  71,  72,  73,  74,  77,  76,  77,  78,  79,  79,  81,  82,  83,  83,  85,  86,  87,  89,  89,  90,  91,  91,  93,  94,  97,  98,  99, 101, 102, 103, 107, 109, 111, 113, 115

  0,   1,   1,   1,   1,   1,   2,   2,   3,   3,   3,   4,   4,   5,   5,   5,   6,   6,   7,   7,   7,   8,   8,   9,   9,   9,  10,  10,  10,  11,  11,  11,  12,  12,  13,  13,  13,  14,  14,  15,  15,  16,  16,  17,  17,  17,  18,  19,  19,  19,  20,  20,  21,  21,  22,  22,  23,  23,  23,  23,  24,  25,  25,  25,  25,  26,  26,  27,  27,  27,  28,  28,  29,  29,  29,  29,  30,  31,  31,  31,  32,  33,  33,  34,  35,  35,  35,  36,  37,  37,  37,  37,  38,  38,  39,  39,  40,  41,  41,  41,  42,  43,  43,  43,  44,  44,  45,  46,  47,  47,  48,  49,  49,  51,  51,  52,  53,  54,  55
  1,   0,   1,   2,   3,   4,   3,   5,   5,   7,   8,   7,   9,   9,  11,  12,  11,  13,  13,  15,  16,  15,  17,  17,  19,  20,  19,  21,  23,  21,  24,  25,  23,  25,  27,  28,  29,  29,  31,  31,  32,  33,  35,  35,  36,  37,  37,  39,  40,  41,  41,  43,  43,  44,  45,  47,  47,  48,  49,  50,  49,  51,  52,  53,  54,  53,  55,  55,  56,  58,  57,  59,  59,  60,  61,  62,  61,  64,  65,  66,  67,  68,  70,  71,  72,  73,  74,  77,  76,  77,  78,  79,  79,  81,  82,  83,  83,  85,  86,  87,  89,  89,  90,  91,  91,  93,  94,  97,  98,  99, 101, 102, 103, 106, 107, 109, 111, 113, 115

  0,   1,   1,   1,   1,   1,   1,   1,   1,   1,   1,   1,   1,   1,   1,   1,   1,   1,   1,   1,   1,   1,   1,   1,   1,   1,   1,   1,   1,   1,   1,   1,   1,   1,   1,   1,   1,   1,   1,   1,   1,   1,   1,   2,   2,   2,   2,   2,   2,   2,   2,   2,   2,   2,   2,   2,   2,   2,   2,   2,   2,   2,   2,   3,   3,   3,   3,   3,   3,   3,   3,   3,   3,   3,   3,   3,   3,   3,   3,   3,   3,   3,   3,   3,   3,   3,   3,   4,   4,   4,   4,   4,   4,   4,   4,   4,   4,   4,   4,   4,   4,   4,   5,   5,   5,   5,   5,   5,   5,   5,   5,   5,   5,   5,   5,   5,   5,   5,   5
 23, -19, -18, -17, -16, -15, -14, -13, -12, -11, -10,  -9,  -8,  -7,  -6,  -5,  -4,  -3,  -2,  -1,   1,   2,   3,   4,   5,   6,   7,   8,   9,  10,  11,  12,  13,  14,  15,  16,  17,  18,  19,  20,  21,  22,  23, -15, -13, -11,  -9,  -7,  -5,  -3,  -1,   1,   3,   5,   7,   9,  11,  13,  15,  17,  19,  21,  23, -11, -10,  -8,  -7,  -5,  -4,  -2,  -1,   1,   2,   4,   5,   7,   8,  10,  11,  13,  14,  16,  17,  19,  20,  22,  23,  -5,  -3,  -1,   1,   3,   5,   7,   9,  11,  13,  15,  17,  19,  21,  23,   0,   1,   2,   3,   4,   6,   7,   8,   9,  11,  12,  13,  14,  16,  17,  18,  19

  0,   1,   1,   1,   1,   1,   1,   1,   1,   1,   1,   1,   1,   1,   1,   1,   1,   1,   1,   1,   1,   1,   1,   1,   1,   1,   1,   1,   1,   1,   1,   1,   1,   1,   1,   1,   1,   1,   1,   1,   1,   1,   1,   2,   2,   2,   2,   2,   2,   2,   2,   2,   2,   2,   2,   2,   2,   2,   2,   2,   2,   2,   2,   3,   3,   3,   3,   3,   3,   3,   3,   3,   3,   3,   3,   3,   3,   3,   3,   3,   3,   3,   3,   3,   3,   3,   3,   4,   4,   4,   4,   4,   4,   4,   4,   4,   4,   4,   4,   4,   4,   4,   5,   5,   5,   5,   5,   5,   5,   5,   5,   5,   5,   5,   5,   5,   5,   5,   5
 23, -19, -18, -17, -16, -15, -14, -13, -12, -11, -10,  -9,  -8,  -7,  -6,  -5,  -4,  -3,  -2,  -1,   1,   2,   3,   4,   5,   6,   7,   8,   9,  10,  11,  12,  13,  14,  15,  16,  17,  18,  19,  20,  21,  22,  23, -15, -13, -11,  -9,  -7,  -5,  -3,  -1,   1,   3,   5,   7,   9,  11,  13,  15,  17,  19,  21,  23, -11, -10,  -8,  -7,  -5,  -4,  -2,  -1,   1,   2,   4,   5,   7,   8,  10,  11,  13,  14,  16,  17,  19,  20,  22,  23,  -7,  -5,  -3,  -1,   1,   3,   5,   7,   9,  11,  13,  15,  17,  19,  21,   0,   1,   2,   3,   4,   6,   7,   8,   9,  11,  12,  13,  14,  16,  17,  18,  19

  0,   1,   1,   1,   1,   1,   1,   1,   1,   1,   1,   1,   1,   1,   1,   1,   1,   1,   1,   1,   1,   1,   1,   1,   1,   1,   1,   1,   1,   1,   1,   1,   1,   1,   1,   1,   1,   1,   1,   1,   1,   1,   1,   2,   2,   2,   2,   2,   2,   2,   2,   2,   2,   2,   2,   2,   2,   2,   2,   2,   2,   2,   2,   3,   3,   3,   3,   3,   3,   3,   3,   3,   3,   3,   3,   3,   3,   3,   3,   3,   3,   3,   3,   3,   3,   3,   3,   4,   4,   4,   4,   4,   4,   4,   4,   4,   4,   4,   4,   4,   4,   4,   5,   5,   5,   5,   5,   5,   5,   5,   5,   5,   5,   5,   5,   5,   5,   5,   5
 23, -20, -19, -18, -17, -16, -15, -14, -13, -12, -11, -10,  -9,  -8,  -7,  -6,  -5,  -4,  -3,  -2,  -1,   1,   2,   3,   4,   5,   6,   7,   8,   9,  10,  11,  12,  13,  14,  15,  16,  17,  18,  19,  20,  21,  22, -17, -15, -13, -11,  -9,  -7,  -5,  -3,  -1,   1,   3,   5,   7,   9,  11,  13,  15,  17,  19,  21, -14, -13, -11, -10,  -8,  -7,  -5,  -4,  -2,  -1,   1,   2,   4,   5,   7,   8,  10,  11,  13,  14,  16,  17,  19,  20,  -9,  -7,  -5,  -3,  -1,   1,   3,   5,   7,   9,  11,  13,  15,  17,  19,  -4,  -3,  -2,  -1,   0,   1,   2,   3,   4,   6,   7,   8,   9,  11,  12,  13,  14

  0,   1,   1,   1,   1,   1,   1,   1,   1,   1,   1,   1,   1,   1,   1,   1,   1,   1,   1,   1,   1,   1,   1,   1,   1,   1,   1,   1,   1,   1,   1,   1,   1,   1,   1,   1,   1,   1,   1,   1,   1,   1,   1,   2,   2,   2,   2,   2,   2,   2,   2,   2,   2,   2,   2,   2,   2,   2,   2,   2,   2,   2,   2,   3,   3,   3,   3,   3,   3,   3,   3,   3,   3,   3,   3,   3,   3,   3,   3,   3,   3,   3,   3,   3,   3,   3,   3,   4,   4,   4,   4,   4,   4,   4,   4,   4,   4,   4,   4,   4,   4,   4,   5,   5,   5,   5,   5,   5,   5,   5,   5,   5,   5,   5,   5,   5,   5,   5,   5
 23, -20, -19, -18, -17, -16, -15, -14, -13, -12, -11, -10,  -9,  -8,  -7,  -6,  -5,  -4,  -3,  -2,  -1,   1,   2,   3,   4,   5,   6,   7,   8,   9,  10,  11,  12,  13,  14,  15,  16,  17,  18,  19,  20,  21,  22, -17, -15, -13, -11,  -9,  -7,  -5,  -3,  -1,   1,   3,   5,   7,   9,  11,  13,  15,  17,  19,  21, -14, -13, -11, -10,  -8,  -7,  -5,  -4,  -2,  -1,   1,   2,   4,   5,   7,   8,  10,  11,  13,  14,  16,  17,  19,  20, -11,  -9,  -7,  -5,  -3,  -1,   1,   3,   5,   7,   9,  11,  13,  15,  17,  -4,  -3,  -2,  -1,   0,   1,   2,   3,   4,   6,   7,   8,   9,  11,  12,  13,  14

  0,   1,   1,   1,   1,   1,   1,   1,   1,   1,   1,   1,   1,   1,   1,   1,   1,   1,   1,   1,   1,   1,   1,   1,   1,   1,   1,   1,   1,   1,   1,   1,   1,   1,   1,   1,   1,   1,   1,   1,   1,   1,   1,   2,   2,   2,   2,   2,   2,   2,   2,   2,   2,   2,   2,   2,   2,   2,   2,   2,   2,   2,   2,   3,   3,   3,   3,   3,   3,   3,   3,   3,   3,   3,   3,   3,   3,   3,   3,   3,   3,   3,   3,   3,   3,   3,   3,   4,   4,   4,   4,   4,   4,   4,   4,   4,   4,   4,   4,   4,   4,   4,   5,   5,   5,   5,   5,   5,   5,   5,   5,   5,   5,   5,   5,   5,   5,   5,   5
 23, -21, -20, -19, -18, -17, -16, -15, -14, -13, -12, -11, -10,  -9,  -8,  -7,  -6,  -5,  -4,  -3,  -2,  -1,   1,   2,   3,   4,   5,   6,   7,   8,   9,  10,  11,  12,  13,  14,  15,  16,  17,  18,  19,  20,  21, -19, -17, -15, -13, -11,  -9,  -7,  -5,  -3,  -1,   1,   3,   5,   7,   9,  11,  13,  15,  17,  19, -17, -16, -14, -13, -11, -10,  -8,  -7,  -5,  -4,  -2,  -1,   1,   2,   4,   5,   7,   8,  10,  11,  13,  14,  16,  17, -15, -13, -11,  -9,  -7,  -5,  -3,  -1,   1,   3,   5,   7,   9,  11,  13,  -9,  -8,  -7,  -6,  -4,  -3,  -2,  -1,   0,   1,   2,   3,   4,   6,   7,   8,   9

  0,   1,   1,   1,   1,   1,   1,   1,   1,   1,   1,   1,   1,   1,   1,   1,   1,   1,   1,   1,   1,   1,   1,   1,   1,   1,   1,   1,   1,   1,   1,   1,   1,   1,   1,   1,   1,   1,   1,   1,   1,   1,   1,   2,   2,   2,   2,   2,   2,   2,   2,   2,   2,   2,   2,   2,   2,   2,   2,   2,   2,   2,   2,   3,   3,   3,   3,   3,   3,   3,   3,   3,   3,   3,   3,   3,   3,   3,   3,   3,   3,   3,   3,   3,   3,   3,   3,   4,   4,   4,   4,   4,   4,   4,   4,   4,   4,   4,   4,   4,   4,   4,   5,   5,   5,   5,   5,   5,   5,   5,   5,   5,   5,   5,   5,   5,   5,   5,   5
 23, -21, -20, -19, -18, -17, -16, -15, -14, -13, -12, -11, -10,  -9,  -8,  -7,  -6,  -5,  -4,  -3,  -2,  -1,   1,   2,   3,   4,   5,   6,   7,   8,   9,  10,  11,  12,  13,  14,  15,  16,  17,  18,  19,  20,  21, -19, -17, -15, -13, -11,  -9,  -7,  -5,  -3,  -1,   1,   3,   5,   7,   9,  11,  13,  15,  17,  19, -17, -16, -14, -13, -11, -10,  -8,  -7,  -5,  -4,  -2,  -1,   1,   2,   4,   5,   7,   8,  10,  11,  13,  14,  16,  17, -13, -11,  -9,  -7,  -5,  -3,  -1,   1,   3,   5,   7,   9,  11,  13,  15,  -9,  -8,  -7,  -6,  -4,  -3,  -2,  -1,   0,   1,   2,   3,   4,   6,   7,   8,   9

  0,   1,   1,   1,   1,   1,   1,   1,   1,   1,   1,   1,   1,   1,   1,   1,   1,   1,   1,   1,   1,   1,   1,   1,   1,   1,   1,   1,   1,   1,   1,   1,   1,   1,   1,   1,   1,   1,   1,   1,   1,   1,   1,   2,   2,   2,   2,   2,   2,   2,   2,   2,   2,   2,   2,   2,   2,   2,   2,   2,   2,   2,   2,   3,   3,   3,   3,   3,   3,   3,   3,   3,   3,   3,   3,   3,   3,   3,   3,   3,   3,   3,   3,   3,   3,   3,   3,   4,   4,   4,   4,   4,   4,   4,   4,   4,   4,   4,   4,   4,   4,   4,   5,   5,   5,   5,   5,   5,   5,   5,   5,   5,   5,   5,   5,   5,   5,   5,   5
 23, -22, -21, -20, -19, -18, -17, -16, -15, -14, -13, -12, -11, -10,  -9,  -8,  -7,  -6,  -5,  -4,  -3,  -2,  -1,   1,   2,   3,   4,   5,   6,   7,   8,   9,  10,  11,  12,  13,  14,  15,  16,  17,  18,  19,  20, -21, -19, -17, -15, -13, -11,  -9,  -7,  -5,  -3,  -1,   1,   3,   5,   7,   9,  11,  13,  15,  17, -20, -19, -17, -16, -14, -13, -11, -10,  -8,  -7,  -5,  -4,  -2,  -1,   1,   2,   4,   5,   7,   8,  10,  11,  13,  14, -19, -17, -15, -13, -11,  -9,  -7,  -5,  -3,  -1,   1,   3,   5,   7,   9, -14, -13, -12, -11,  -9,  -8,  -7,  -6,  -4,  -3,  -2,  -1,   0,   1,   2,   3,   4

  0,   1,   1,   1,   1,   1,   1,   1,   1,   1,   1,   1,   1,   1,   1,   1,   1,   1,   1,   1,   1,   1,   1,   1,   1,   1,   1,   1,   1,   1,   1,   1,   1,   1,   1,   1,   1,   1,   1,   1,   1,   1,   1,   2,   2,   2,   2,   2,   2,   2,   2,   2,   2,   2,   2,   2,   2,   2,   2,   2,   2,   2,   2,   3,   3,   3,   3,   3,   3,   3,   3,   3,   3,   3,   3,   3,   3,   3,   3,   3,   3,   3,   3,   3,   3,   3,   3,   4,   4,   4,   4,   4,   4,   4,   4,   4,   4,   4,   4,   4,   4,   4,   5,   5,   5,   5,   5,   5,   5,   5,   5,   5,   5,   5,   5,   5,   5,   5,   5
 23, -22, -21, -20, -19, -18, -17, -16, -15, -14, -13, -12, -11, -10,  -9,  -8,  -7,  -6,  -5,  -4,  -3,  -2,  -1,   1,   2,   3,   4,   5,   6,   7,   8,   9,  10,  11,  12,  13,  14,  15,  16,  17,  18,  19,  20, -21, -19, -17, -15, -13, -11,  -9,  -7,  -5,  -3,  -1,   1,   3,   5,   7,   9,  11,  13,  15,  17, -20, -19, -17, -16, -14, -13, -11, -10,  -8,  -7,  -5,  -4,  -2,  -1,   1,   2,   4,   5,   7,   8,  10,  11,  13,  14, -17, -15, -13, -11,  -9,  -7,  -5,  -3,  -1,   1,   3,   5,   7,   9,  11, -14, -13, -12, -11,  -9,  -8,  -7,  -6,  -4,  -3,  -2,  -1,   0,   1,   2,   3,   4

  0,   1,   1,   1,   1,   1,   1,   1,   1,   1,   1,   1,   1,   1,   1,   1,   1,   1,   1,   1,   1,   1,   1,   1,   1,   1,   1,   1,   1,   1,   1,   1,   1,   1,   1,   1,   1,   1,   1,   1,   1,   1,   1,   2,   2,   2,   2,   2,   2,   2,   2,   2,   2,   2,   2,   2,   2,   2,   2,   2,   2,   2,   2,   3,   3,   3,   3,   3,   3,   3,   3,   3,   3,   3,   3,   3,   3,   3,   3,   3,   3,   3,   3,   3,   3,   3,   3,   4,   4,   4,   4,   4,   4,   4,   4,   4,   4,   4,   4,   4,   4,   4,   5,   5,   5,   5,   5,   5,   5,   5,   5,   5,   5,   5,   5,   5,   5,   5,   5
 23, -23, -22, -21, -20, -19, -18, -17, -16, -15, -14, -13, -12, -11, -10,  -9,  -8,  -7,  -6,  -5,  -4,  -3,  -2,  -1,   1,   2,   3,   4,   5,   6,   7,   8,   9,  10,  11,  12,  13,  14,  15,  16,  17,  18,  19, -23, -21, -19, -17, -15, -13, -11,  -9,  -7,  -5,  -3,  -1,   1,   3,   5,   7,   9,  11,  13,  15, -23, -22, -20, -19, -17, -16, -14, -13, -11, -10,  -8,  -7,  -5,  -4,  -2,  -1,   1,   2,   4,   5,   7,   8,  10,  11, -23, -21, -19, -17, -15, -13, -11,  -9,  -7,  -5,  -3,  -1,   1,   3,   5, -19, -18, -17, -16, -14, -13, -12, -11,  -9,  -8,  -7,  -6,  -4,  -3,  -2,  -1,   0

  0,   1,   1,   1,   1,   1,   1,   1,   1,   1,   1,   1,   1,   1,   1,   1,   1,   1,   1,   1,   1,   1,   1,   1,   1,   1,   1,   1,   1,   1,   1,   1,   1,   1,   1,   1,   1,   1,   1,   1,   1,   1,   1,   2,   2,   2,   2,   2,   2,   2,   2,   2,   2,   2,   2,   2,   2,   2,   2,   2,   2,   2,   2,   3,   3,   3,   3,   3,   3,   3,   3,   3,   3,   3,   3,   3,   3,   3,   3,   3,   3,   3,   3,   3,   3,   3,   3,   4,   4,   4,   4,   4,   4,   4,   4,   4,   4,   4,   4,   4,   4,   4,   5,   5,   5,   5,   5,   5,   5,   5,   5,   5,   5,   5,   5,   5,   5,   5,   5
 23, -23, -22, -21, -20, -19, -18, -17, -16, -15, -14, -13, -12, -11, -10,  -9,  -8,  -7,  -6,  -5,  -4,  -3,  -2,  -1,   1,   2,   3,   4,   5,   6,   7,   8,   9,  10,  11,  12,  13,  14,  15,  16,  17,  18,  19, -23, -21, -19, -17, -15, -13, -11,  -9,  -7,  -5,  -3,  -1,   1,   3,   5,   7,   9,  11,  13,  15, -23, -22, -20, -19, -17, -16, -14, -13, -11, -10,  -8,  -7,  -5,  -4,  -2,  -1,   1,   2,   4,   5,   7,   8,  10,  11, -21, -19, -17, -15, -13, -11,  -9,  -7,  -5,  -3,  -1,   1,   3,   5,   7, -19, -18, -17, -16, -14, -13, -12, -11,  -9,  -8,  -7,  -6,  -4,  -3,  -2,  -1,   0

