  0,   1,   1,   1,   1,   1,   1,   1,   1,   1,   1,   1,   1,   1,   1,   2,   2,   2,   2,   2,   2,   2,   3,   3,   3,   3,   3,   3,   3,   3,   3,   4,   4,   4,   4,   4,   4,   5,   5,   5,   5,   5,   5,   5,   5,   6,   6,   6,   7,   7,   7
  1,   0,   1,   2,   3,   4,   5,   6,   7,   8,   9,  10,  11,  12,  13,   7,   9,  11,  13,  15,  17,  19,  14,  16,  17,  19,  20,  22,  23,  25,  26,  21,  23,  25,  27,  29,  31,  29,  31,  32,  33,  34,  36,  37,  38,  37,  41,  43,  45,  46,  47

  0,   1,   1,   1,   1,   1,   1,   1,   1,   1,   1,   1,   1,   1,   1,   2,   2,   2,   2,   2,   2,   2,   3,   3,   3,   3,   3,   3,   3,   3,   4,   4,   4,   4,   4,   4,   5,   5,   5,   5,   5,   5,   5,   5,   6,   6,   6,   7,   7,   7,   7
  1,   0,   1,   2,   3,   4,   5,   6,   7,   8,   9,  10,  11,  12,  13,   7,   9,  11,  13,  15,  17,  19,  14,  16,  17,  19,  20,  22,  23,  25,  21,  23,  25,  27,  29,  31,  29,  31,  32,  33,  34,  36,  37,  38,  37,  41,  43,  44,  45,  46,  47

  0,   1,   1,   1,   1,   1,   1,   1,   1,   1,   1,   1,   1,   1,   1,   2,   2,   2,   2,   2,   2,   2,   3,   3,   3,   3,   3,   3,   3,   3,   3,   4,   4,   4,   4,   4,   4,   5,   5,   5,   5,   5,   5,   5,   5,   6,   6,   6,   7,   7,   7
  1,   0,   1,   2,   3,   4,   5,   6,   7,   8,   9,  10,  11,  12,  13,   7,   9,  11,  13,  15,  17,  19,  14,  16,  17,  19,  20,  22,  23,  25,  26,  21,  23,  25,  27,  29,  31,  28,  29,  31,  32,  33,  34,  36,  37,  37,  41,  43,  45,  46,  47

  0,   1,   1,   1,   1,   1,   1,   1,   1,   1,   1,   1,   1,   1,   1,   2,   2,   2,   2,   2,   2,   2,   3,   3,   3,   3,   3,   3,   3,   3,   4,   4,   4,   4,   4,   4,   5,   5,   5,   5,   5,   5,   5,   5,   6,   6,   6,   7,   7,   7,   7
  1,   0,   1,   2,   3,   4,   5,   6,   7,   8,   9,  10,  11,  12,  13,   7,   9,  11,  13,  15,  17,  19,  14,  16,  17,  19,  20,  22,  23,  25,  21,  23,  25,  27,  29,  31,  28,  29,  31,  32,  33,  34,  36,  37,  37,  41,  43,  44,  45,  46,  47

  0,   1,   1,   1,   1,   1,   1,   1,   1,   1,   1,   1,   1,   1,   2,   2,   2,   2,   2,   2,   2,   3,   3,   3,   3,   3,   3,   3,   3,   4,   4,   4,   4,   4,   4,   5,   5,   5,   5,   5,   5,   5,   5,   6,   6,   6,   7,   7,   7,   7,   7
  1,   0,   1,   2,   3,   4,   5,   6,   7,   8,   9,  10,  11,  12,   7,   9,  11,  13,  15,  17,  19,  14,  16,  17,  19,  20,  22,  23,  25,  21,  23,  25,  27,  29,  31,  28,  29,  31,  32,  33,  34,  36,  37,  37,  41,  43,  43,  44,  45,  46,  47

  0,   1,   1,   1,   1,   1,   1,   1,   1,   1,   1,   1,   1,   1,   1,   2,   2,   2,   2,   2,   2,   2,   3,   3,   3,   3,   3,   3,   3,   3,   4,   4,   4,   4,   4,   4,   5,   5,   5,   5,   5,   5,   5,   5,   6,   6,   6,   7,   7,   7,   7
  1,   0,   1,   2,   3,   4,   5,   6,   7,   8,   9,  10,  11,  12,  13,   7,   9,  11,  13,  15,  17,  19,  14,  16,  17,  19,  20,  22,  23,  25,  21,  23,  25,  27,  29,  31,  28,  29,  31,  32,  33,  34,  36,  37,  35,  37,  41,  44,  45,  46,  47

  0,   1,   1,   1,   1,   1,   1,   1,   1,   1,   1,   1,   1,   1,   2,   2,   2,   2,   2,   2,   2,   3,   3,   3,   3,   3,   3,   3,   3,   4,   4,   4,   4,   4,   4,   5,   5,   5,   5,   5,   5,   5,   5,   6,   6,   6,   7,   7,   7,   7,   7
  1,   0,   1,   2,   3,   4,   5,   6,   7,   8,   9,  10,  11,  12,   7,   9,  11,  13,  15,  17,  19,  14,  16,  17,  19,  20,  22,  23,  25,  21,  23,  25,  27,  29,  31,  28,  29,  31,  32,  33,  34,  36,  37,  35,  37,  41,  43,  44,  45,  46,  47

  0,   1,   1,   1,   1,   1,   1,   1,   1,   1,   1,   1,   1,   1,   1,   2,   2,   2,   2,   2,   2,   2,   3,   3,   3,   3,   3,   3,   3,   3,   4,   4,   4,   4,   4,   4,   5,   5,   5,   5,   5,   5,   5,   5,   6,   6,   6,   7,   7,   7,   7
  1,   0,   1,   2,   3,   4,   5,   6,   7,   8,   9,  10,  11,  12,  13,   7,   9,  11,  13,  15,  17,  19,  14,  16,  17,  19,  20,  22,  23,  25,  21,  23,  25,  27,  29,  31,  27,  28,  29,  31,  32,  33,  34,  36,  35,  37,  41,  44,  45,  46,  47

  0,   1,   1,   1,   1,   1,   1,   1,   1,   1,   1,   1,   1,   1,   2,   2,   2,   2,   2,   2,   2,   3,   3,   3,   3,   3,   3,   3,   3,   4,   4,   4,   4,   4,   4,   5,   5,   5,   5,   5,   5,   5,   5,   6,   6,   6,   7,   7,   7,   7,   7
  1,   0,   1,   2,   3,   4,   5,   6,   7,   8,   9,  10,  11,  12,   7,   9,  11,  13,  15,  17,  19,  14,  16,  17,  19,  20,  22,  23,  25,  21,  23,  25,  27,  29,  31,  27,  28,  29,  31,  32,  33,  34,  36,  35,  37,  41,  43,  44,  45,  46,  47

  0,   1,   1,   1,   1,   1,   1,   1,   1,   2,   2,   2,   3,   3,   3,   3,   3,   4,   4,   4,   4,   5,   5,   5,   5,   5,   6,   6,   7,   7,   7,   7,   7,   7,   8,   8,   8,   9,   9,   9,  10,  10,  11,  11,  11,  11,  11,  12,  12,  13,  13
  1,   0,   1,   2,   3,   4,   5,   6,   7,   5,   7,   9,   8,  10,  11,  13,  14,  11,  13,  15,  17,  16,  17,  18,  19,  21,  19,  23,  22,  23,  24,  25,  26,  27,  27,  29,  31,  31,  32,  34,  33,  37,  37,  38,  39,  40,  41,  41,  43,  46,  47

  0,   1,   1,   1,   1,   1,   1,   1,   1,   2,   2,   2,   3,   3,   3,   3,   3,   4,   4,   4,   4,   5,   5,   5,   5,   6,   6,   7,   7,   7,   7,   7,   7,   8,   8,   8,   9,   9,   9,  10,  10,  11,  11,  11,  11,  11,  12,  12,  13,  13,  13
  1,   0,   1,   2,   3,   4,   5,   6,   7,   5,   7,   9,   8,  10,  11,  13,  14,  11,  13,  15,  17,  16,  17,  18,  19,  19,  23,  22,  23,  24,  25,  26,  27,  27,  29,  31,  31,  32,  34,  33,  37,  37,  38,  39,  40,  41,  41,  43,  45,  46,  47

  0,   1,   1,   1,   1,   1,   1,   1,   1,   2,   2,   2,   3,   3,   3,   3,   3,   4,   4,   4,   4,   5,   5,   5,   5,   5,   6,   6,   7,   7,   7,   7,   7,   7,   8,   8,   8,   9,   9,   9,   9,  10,  10,  11,  11,  11,  11,  12,  12,  13,  13
  1,   0,   1,   2,   3,   4,   5,   6,   7,   5,   7,   9,   8,  10,  11,  13,  14,  11,  13,  15,  17,  16,  17,  18,  19,  21,  19,  23,  22,  23,  24,  25,  26,  27,  27,  29,  31,  29,  31,  32,  34,  33,  37,  37,  38,  39,  40,  41,  43,  46,  47

  0,   1,   1,   1,   1,   1,   1,   1,   1,   2,   2,   2,   3,   3,   3,   3,   3,   4,   4,   4,   4,   5,   5,   5,   5,   6,   6,   7,   7,   7,   7,   7,   7,   8,   8,   8,   9,   9,   9,   9,  10,  10,  11,  11,  11,  11,  12,  12,  13,  13,  13
  1,   0,   1,   2,   3,   4,   5,   6,   7,   5,   7,   9,   8,  10,  11,  13,  14,  11,  13,  15,  17,  16,  17,  18,  19,  19,  23,  22,  23,  24,  25,  26,  27,  27,  29,  31,  29,  31,  32,  34,  33,  37,  37,  38,  39,  40,  41,  43,  45,  46,  47

