  0,   1,   1,   1,   1,   1,   1,   1,   1,   1,   1,   1,   1,   1,   1,   1,   1,   1,   1,   1,   1,   1,   2,   2,   2,   2,   2,   2,   2,   2,   2,   2,   3,   3,   3,   3,   3,   3,   3,   3,   3,   3,   3,   3,   4,   4,   4,   4,   4,   4,   4,   5,   5,   5,   5,   5,   5
  1,   0,   1,   2,   3,   4,   5,   6,   7,   8,   9,  10,  11,  12,  13,  14,  15,  16,  17,  18,  19,  20,  11,  13,  15,  17,  19,  21,  23,  25,  27,  29,  22,  23,  25,  26,  28,  29,  31,  32,  34,  35,  37,  38,  35,  37,  39,  41,  43,  45,  47,  47,  48,  49,  51,  52,  53

  0,   1,   1,   1,   1,   1,   1,   1,   1,   1,   1,   1,   1,   1,   1,   1,   1,   1,   1,   1,   1,   2,   2,   2,   2,   2,   2,   2,   2,   2,   2,   3,   3,   3,   3,   3,   3,   3,   3,   3,   3,   3,   3,   4,   4,   4,   4,   4,   4,   4,   5,   5,   5,   5,   5,   5,   5
  1,   0,   1,   2,   3,   4,   5,   6,   7,   8,   9,  10,  11,  12,  13,  14,  15,  16,  17,  18,  19,  11,  13,  15,  17,  19,  21,  23,  25,  27,  29,  22,  23,  25,  26,  28,  29,  31,  32,  34,  35,  37,  38,  35,  37,  39,  41,  43,  45,  47,  46,  47,  48,  49,  51,  52,  53

  0,   1,   1,   1,   1,   1,   1,   1,   1,   1,   1,   1,   1,   1,   1,   1,   1,   1,   1,   1,   1,   1,   2,   2,   2,   2,   2,   2,   2,   2,   2,   2,   3,   3,   3,   3,   3,   3,   3,   3,   3,   3,   3,   3,   4,   4,   4,   4,   4,   4,   4,   5,   5,   5,   5,   5,   5
  1,   0,   1,   2,   3,   4,   5,   6,   7,   8,   9,  10,  11,  12,  13,  14,  15,  16,  17,  18,  19,  20,  11,  13,  15,  17,  19,  21,  23,  25,  27,  29,  22,  23,  25,  26,  28,  29,  31,  32,  34,  35,  37,  38,  33,  35,  37,  39,  41,  43,  45,  47,  48,  49,  51,  52,  53

  0,   1,   1,   1,   1,   1,   1,   1,   1,   1,   1,   1,   1,   1,   1,   1,   1,   1,   1,   1,   1,   2,   2,   2,   2,   2,   2,   2,   2,   2,   2,   3,   3,   3,   3,   3,   3,   3,   3,   3,   3,   3,   3,   4,   4,   4,   4,   4,   4,   4,   5,   5,   5,   5,   5,   5,   5
  1,   0,   1,   2,   3,   4,   5,   6,   7,   8,   9,  10,  11,  12,  13,  14,  15,  16,  17,  18,  19,  11,  13,  15,  17,  19,  21,  23,  25,  27,  29,  22,  23,  25,  26,  28,  29,  31,  32,  34,  35,  37,  38,  33,  35,  37,  39,  41,  43,  45,  46,  47,  48,  49,  51,  52,  53

  0,   1,   1,   1,   1,   1,   1,   1,   1,   1,   1,   1,   1,   1,   1,   2,   2,   2,   2,   2,   2,   2,   3,   3,   3,   3,   3,   3,   3,   3,   3,   4,   4,   4,   4,   4,   4,   5,   5,   5,   5,   5,   5,   5,   5,   5,   6,   6,   6,   6,   7,   7,   7,   7,   7,   7,   8
  1,   0,   1,   2,   3,   4,   5,   6,   7,   8,   9,  10,  11,  12,  13,   7,   9,  11,  13,  15,  17,  19,  14,  16,  17,  19,  20,  22,  23,  25,  26,  21,  23,  25,  27,  29,  31,  28,  29,  31,  32,  33,  34,  36,  37,  38,  35,  37,  41,  43,  43,  44,  45,  46,  47,  48,  53

  0,   1,   1,   1,   1,   1,   1,   1,   1,   1,   1,   1,   1,   1,   1,   2,   2,   2,   2,   2,   2,   2,   3,   3,   3,   3,   3,   3,   3,   3,   4,   4,   4,   4,   4,   4,   5,   5,   5,   5,   5,   5,   5,   5,   5,   6,   6,   6,   6,   7,   7,   7,   7,   7,   7,   8,   8
  1,   0,   1,   2,   3,   4,   5,   6,   7,   8,   9,  10,  11,  12,  13,   7,   9,  11,  13,  15,  17,  19,  14,  16,  17,  19,  20,  22,  23,  25,  21,  23,  25,  27,  29,  31,  28,  29,  31,  32,  33,  34,  36,  37,  38,  35,  37,  41,  43,  43,  44,  45,  46,  47,  48,  51,  53

  0,   1,   1,   1,   1,   1,   1,   1,   1,   1,   1,   1,   1,   1,   1,   2,   2,   2,   2,   2,   2,   2,   3,   3,   3,   3,   3,   3,   3,   3,   3,   4,   4,   4,   4,   4,   4,   5,   5,   5,   5,   5,   5,   5,   5,   5,   6,   6,   6,   6,   7,   7,   7,   7,   7,   7,   8
  1,   0,   1,   2,   3,   4,   5,   6,   7,   8,   9,  10,  11,  12,  13,   7,   9,  11,  13,  15,  17,  19,  14,  16,  17,  19,  20,  22,  23,  25,  26,  21,  23,  25,  27,  29,  31,  27,  28,  29,  31,  32,  33,  34,  36,  37,  35,  37,  41,  43,  43,  44,  45,  46,  47,  48,  53

  0,   1,   1,   1,   1,   1,   1,   1,   1,   1,   1,   1,   1,   1,   1,   2,   2,   2,   2,   2,   2,   2,   3,   3,   3,   3,   3,   3,   3,   3,   4,   4,   4,   4,   4,   4,   5,   5,   5,   5,   5,   5,   5,   5,   5,   6,   6,   6,   6,   7,   7,   7,   7,   7,   7,   8,   8
  1,   0,   1,   2,   3,   4,   5,   6,   7,   8,   9,  10,  11,  12,  13,   7,   9,  11,  13,  15,  17,  19,  14,  16,  17,  19,  20,  22,  23,  25,  21,  23,  25,  27,  29,  31,  27,  28,  29,  31,  32,  33,  34,  36,  37,  35,  37,  41,  43,  43,  44,  45,  46,  47,  48,  51,  53

  0,   1,   1,   1,   1,   1,   1,   1,   1,   1,   1,   2,   2,   2,   2,   2,   3,   3,   3,   3,   3,   3,   3,   4,   4,   4,   4,   4,   5,   5,   5,   5,   5,   5,   5,   6,   6,   6,   7,   7,   7,   7,   7,   7,   7,   8,   8,   8,   8,   9,   9,   9,   9,  10,  10,  11,  11
  1,   0,   1,   2,   3,   4,   5,   6,   7,   8,   9,   5,   7,   9,  11,  13,  10,  11,  13,  14,  16,  17,  19,  15,  17,  19,  21,  23,  21,  22,  23,  24,  26,  27,  28,  25,  29,  31,  30,  31,  32,  33,  34,  36,  37,  35,  37,  39,  41,  41,  43,  44,  46,  47,  49,  52,  53

  0,   1,   1,   1,   1,   1,   1,   1,   1,   1,   1,   2,   2,   2,   2,   2,   3,   3,   3,   3,   3,   3,   4,   4,   4,   4,   4,   5,   5,   5,   5,   5,   5,   5,   6,   6,   6,   7,   7,   7,   7,   7,   7,   7,   8,   8,   8,   8,   9,   9,   9,   9,  10,  10,  11,  11,  11
  1,   0,   1,   2,   3,   4,   5,   6,   7,   8,   9,   5,   7,   9,  11,  13,  10,  11,  13,  14,  16,  17,  15,  17,  19,  21,  23,  21,  22,  23,  24,  26,  27,  28,  25,  29,  31,  30,  31,  32,  33,  34,  36,  37,  35,  37,  39,  41,  41,  43,  44,  46,  47,  49,  51,  52,  53

  0,   1,   1,   1,   1,   1,   1,   1,   1,   1,   1,   2,   2,   2,   2,   2,   3,   3,   3,   3,   3,   3,   3,   4,   4,   4,   4,   4,   5,   5,   5,   5,   5,   5,   5,   6,   6,   6,   7,   7,   7,   7,   7,   7,   7,   8,   8,   8,   8,   9,   9,   9,   9,  10,  10,  11,  11
  1,   0,   1,   2,   3,   4,   5,   6,   7,   8,   9,   5,   7,   9,  11,  13,  10,  11,  13,  14,  16,  17,  19,  15,  17,  19,  21,  23,  21,  22,  23,  24,  26,  27,  28,  25,  29,  31,  30,  31,  32,  33,  34,  36,  37,  35,  37,  39,  41,  40,  41,  43,  44,  47,  49,  52,  53

  0,   1,   1,   1,   1,   1,   1,   1,   1,   1,   1,   2,   2,   2,   2,   2,   3,   3,   3,   3,   3,   3,   4,   4,   4,   4,   4,   5,   5,   5,   5,   5,   5,   5,   6,   6,   6,   7,   7,   7,   7,   7,   7,   7,   8,   8,   8,   8,   9,   9,   9,   9,  10,  10,  11,  11,  11
  1,   0,   1,   2,   3,   4,   5,   6,   7,   8,   9,   5,   7,   9,  11,  13,  10,  11,  13,  14,  16,  17,  15,  17,  19,  21,  23,  21,  22,  23,  24,  26,  27,  28,  25,  29,  31,  30,  31,  32,  33,  34,  36,  37,  35,  37,  39,  41,  40,  41,  43,  44,  47,  49,  51,  52,  53

  0,   1,   1,   1,   1,   1,   1,   1,   1,   2,   2,   2,   2,   3,   3,   3,   3,   3,   4,   4,   4,   5,   5,   5,   5,   5,   5,   6,   6,   7,   7,   7,   7,   7,   7,   8,   8,   8,   8,   9,   9,   9,   9,  10,  10,  11,  11,  11,  11,  11,  12,  12,  13,  13,  13,  13,  14
  1,   0,   1,   2,   3,   4,   5,   6,   7,   5,   7,   9,  11,   8,  10,  11,  13,  14,  13,  15,  17,  16,  17,  18,  19,  21,  22,  23,  25,  23,  24,  25,  26,  27,  29,  27,  29,  31,  33,  31,  32,  34,  35,  37,  39,  39,  40,  41,  42,  43,  43,  47,  47,  48,  49,  50,  53

  0,   1,   1,   1,   1,   1,   1,   1,   1,   2,   2,   2,   2,   3,   3,   3,   3,   3,   4,   4,   4,   5,   5,   5,   5,   5,   5,   6,   6,   7,   7,   7,   7,   7,   7,   8,   8,   8,   9,   9,   9,   9,  10,  10,  11,  11,  11,  11,  11,  12,  12,  13,  13,  13,  13,  14,  14
  1,   0,   1,   2,   3,   4,   5,   6,   7,   5,   7,   9,  11,   8,  10,  11,  13,  14,  13,  15,  17,  16,  17,  18,  19,  21,  22,  23,  25,  23,  24,  25,  26,  27,  29,  27,  29,  31,  31,  32,  34,  35,  37,  39,  39,  40,  41,  42,  43,  43,  47,  47,  48,  49,  50,  51,  53

  0,   1,   1,   1,   1,   1,   1,   1,   1,   2,   2,   2,   2,   3,   3,   3,   3,   3,   4,   4,   4,   5,   5,   5,   5,   5,   5,   6,   6,   6,   7,   7,   7,   7,   7,   7,   8,   8,   8,   8,   9,   9,   9,   9,  10,  10,  11,  11,  11,  11,  11,  12,  13,  13,  13,  13,  14
  1,   0,   1,   2,   3,   4,   5,   6,   7,   5,   7,   9,  11,   8,  10,  11,  13,  14,  13,  15,  17,  16,  17,  18,  19,  21,  22,  19,  23,  25,  23,  24,  25,  26,  27,  29,  27,  29,  31,  33,  31,  32,  34,  35,  37,  39,  39,  40,  41,  42,  43,  43,  47,  48,  49,  50,  53

  0,   1,   1,   1,   1,   1,   1,   1,   1,   2,   2,   2,   2,   3,   3,   3,   3,   3,   4,   4,   4,   5,   5,   5,   5,   5,   5,   6,   6,   6,   7,   7,   7,   7,   7,   7,   8,   8,   8,   9,   9,   9,   9,  10,  10,  11,  11,  11,  11,  11,  12,  13,  13,  13,  13,  14,  14
  1,   0,   1,   2,   3,   4,   5,   6,   7,   5,   7,   9,  11,   8,  10,  11,  13,  14,  13,  15,  17,  16,  17,  18,  19,  21,  22,  19,  23,  25,  23,  24,  25,  26,  27,  29,  27,  29,  31,  31,  32,  34,  35,  37,  39,  39,  40,  41,  42,  43,  43,  47,  48,  49,  50,  51,  53

